============================== SRIM-2013.00 ==============================
==============================================================================
=================  TRANSMIT.txt : File of Transmitted Ions  ==================
=  This file tabulates the kinetics of ions or atoms leaving the target.     =
=  Column #1: S= Sputtered Atom, B= Backscattered Ion, T= Transmitted Ion.   =
=  Col.#2: Ion Number, Col.#3: Z of atom leaving, Col.#4: Atom energy (eV).  =
=  Col.#5-7: Last location:  X= Depth into target, Y,Z= Transverse axes.     =
=  Col.#8-10: Cosines of final trajectory.                                   =
= *** This data file is in the same format as TRIM.DAT (see manual for uses).=
====== TRIM Calc.=  F(76.5 MeV) ==> Mylar_IC+Carbon Tetraflu( 36.0 mm) =======
 Ion  Atom   Energy        Depth       Lateral-Position        Atom Direction      
 Numb Numb    (eV)          X(A)        Y(A)       Z(A)      Cos(X)  Cos(Y) Cos(Z) 
T   16  9 .5629542E+08   3601150E+02 -.5400E+07  .2322E+07   .9999443 -.0105363  .0006063
T   17  9 .6126198E+08   3601150E+02 -.1512E+07  .7143E+06   .9999676 -.0065066  .0047378
T   18  9 .6119161E+08   3601150E+02  .4250E+07  .6330E+06   .9999489  .0100556  .0010019
T   19  9 .6128116E+08   3601150E+02  .1883E+07 -.3304E+06   .9999876  .0049819  .0002176
T   20  9 .6127405E+08   3601150E+02  .2604E+06 -.1041E+07   .9999906  .0006941 -.0042815
T   21  9 .6141822E+08   3601150E+02  .5773E+06 -.1151E+07   .9999960  .0005458 -.0027892
T   22  9 .6127802E+08   3601150E+02  .1502E+07  .9676E+06   .9999912  .0018761  .0037526
T   23  9 .6148461E+08   3601150E+02  .3647E+07 -.6690E+06   .9999658  .0080391 -.0019665
T   24  9 .6127321E+08   3601150E+02 -.1658E+05 -.2265E+05   .9999999  .0003368  .0002987
T   25  9 .6138728E+08   3601150E+02 -.1049E+06  .5101E+06   .9999967 -.0007686  .0024624
T   26  9 .6122266E+08   3601150E+02 -.3352E+07  .3908E+06   .9999449 -.0104356  .0011785
T   27  9 .6134096E+08   3601150E+02  .1514E+07  .2524E+07   .9999544  .0048917  .0081963
T   28  9 .6106758E+08   3601150E+02 -.3410E+06  .7164E+06   .9999979  .0003806  .0020082
T   29  9 .6141774E+08   3601150E+02 -.2487E+06  .6374E+06   .9999964  .0009859  .0024959
T   30  9 .6167121E+08   3601150E+02  .1929E+07  .1442E+07   .9999453  .0082514  .0064318
T   31  9 .6138186E+08   3601150E+02 -.2986E+06  .1572E+06   .9999979 -.0020216  .0004405
T   32  9 .6114463E+08   3601150E+02  .5050E+06  .2118E+07   .9999494  .0090448  .0043972
T   33  9 .6093951E+08   3601150E+02 -.2898E+06 -.6145E+06   .9999912 -.0010278 -.0040605
T   34  9 .6105082E+08   3601150E+02 -.8294E+06 -.8178E+06   .9999884 -.0025005 -.0041047
T   35  9 .6127836E+08   3601150E+02 -.2537E+07  .4021E+06   .9999743 -.0070236  .0014608
T   36  9 .6128774E+08   3601150E+02 -.7994E+06  .2276E+06   .9999987 -.0012114  .0010350
T   37  9 .6137508E+08   3601150E+02  .4401E+06  .3488E+06   .9999964  .0019541  .0018530
T   38  9 .6129899E+08   3601150E+02  .2234E+06 -.2184E+05   .9999949 -.0009820  .0030275
T   39  9 .6146943E+08   3601150E+02  .7340E+06  .1628E+07   .9999623  .0058840  .0063819
T   40  9 .6145759E+08   3601150E+02 -.1549E+07  .1307E+07   .9999548 -.0086879  .0038699
T   41  9 .6101645E+08   3601150E+02 -.2754E+07  .6706E+06   .9999567 -.0092833  .0006975
T   42  9 .6125018E+08   3601150E+02  .2673E+06 -.2297E+07   .9999755 -.0004581 -.0069835
T   43  9 .6137759E+08   3601150E+02  .2244E+07 -.7177E+04   .9999768  .0067119  .0011912
T   44  9 .6120286E+08   3601150E+02  .1953E+05 -.2710E+06   .9999958  .0015018 -.0024898
T   45  9 .6138511E+08   3601150E+02 -.1809E+07  .2969E+06   .9999863 -.0051800  .0006904
T   46  9 .6120936E+08   3601150E+02 -.1017E+07 -.8306E+06   .9999908 -.0036866 -.0022138
T   47  9 .6119234E+08   3601150E+02 -.1814E+07  .2316E+07   .9999523 -.0053337  .0081862
T   48  9 .6140944E+08   3601150E+02 -.3190E+07  .8648E+06   .9999656 -.0082537  .0008097
T   49  9 .6129854E+08   3601150E+02 -.3651E+06  .1399E+06   .9999997 -.0000157  .0008192
T   50  9 .6140159E+08   3601150E+02  .1013E+07  .1698E+07   .9999937  .0020062  .0029231
T   51  9 .6117266E+08   3601150E+02 -.1224E+07 -.2882E+07   .9999210 -.0048381 -.0116047
T   52  9 .6111460E+08   3601150E+02 -.2747E+06  .4286E+06   .9999830 -.0054373  .0020857
T   53  9 .6131604E+08   3601150E+02  .1214E+07 -.4197E+06   .9999831  .0053056 -.0023950
T   54  9 .6120844E+08   3601150E+02 -.2210E+07  .3726E+06   .9999740 -.0071122  .0011852
T   55  9 .6127394E+08   3601150E+02  .2713E+06  .1093E+07   .9999933  .0027563  .0024170
T   56  9 .6151680E+08   3601150E+02  .2422E+06  .3119E+06   .9999921  .0037669  .0012299
T   57  9 .6141986E+08   3601150E+02 -.2278E+06 -.4252E+06   .9999967 -.0015041 -.0020947
T   58  9 .6135447E+08   3601150E+02 -.1239E+05 -.4764E+06   .9999981 -.0005410 -.0018639
T   59  9 .6112753E+08   3601150E+02  .1197E+07 -.7114E+06   .9999955  .0019485 -.0023021
T   60  9 .6138743E+08   3601150E+02 -.6635E+06  .5167E+06   .9999999 -.0001515 -.0002307
T   61  9 .6126025E+08   3601150E+02 -.2257E+06 -.1827E+07   .9999963 -.0019037 -.0019482
T   62  9 .6139162E+08   3601150E+02 -.4361E+06  .3574E+06   .9999972 -.0018512  .0014607
T   63  9 .6129273E+08   3601150E+02 -.8039E+05  .3900E+06   .9999918  .0020622  .0034948
T   64  9 .6130627E+08   3601150E+02  .3367E+06 -.5527E+06   .9999941  .0010207 -.0032716
T   65  9 .6139827E+08   3601150E+02 -.1012E+06 -.1475E+06   .9999940 -.0010741 -.0033064
T   66  9 .6121635E+08   3601150E+02  .1567E+07 -.2720E+07   .9999582  .0036099 -.0083968
T   67  9 .6127775E+08   3601150E+02 -.2861E+06 -.5105E+06   .9999963 -.0000716 -.0027319
T   68  9 .6123398E+08   3601150E+02  .1466E+06  .6821E+06   .9999965  .0004537 -.0026025
T   69  9 .6123127E+08   3601150E+02 -.1325E+07  .7491E+06   .9999791 -.0057818  .0028775
T   70  9 .6125719E+08   3601150E+02 -.3162E+06 -.1289E+07   .9999910  .0004434 -.0042303
T   71  9 .6138994E+08   3601150E+02  .1203E+07  .1933E+07   .9999749  .0034068  .0062100
T   72  9 .6123641E+08   3601150E+02  .1156E+07  .4854E+06   .9999938  .0031005  .0016458
T   73  9 .6103570E+08   3601150E+02 -.1915E+06 -.9882E+06   .9999934 -.0017493 -.0031990
T   74  9 .6124441E+08   3601150E+02  .1342E+07 -.1166E+07   .9999814  .0053881 -.0028621
T   75  9 .6136778E+08   3601150E+02  .1642E+07  .1265E+07   .9999648  .0033065  .0077118
T   76  9 .6111645E+08   3601150E+02 -.2081E+06 -.3653E+07   .9999720 -.0012182 -.0073800
T   77  9 .6144776E+08   3601150E+02 -.9689E+06  .6713E+06   .9999840 -.0053860  .0017228
T   78  9 .6116561E+08   3601150E+02  .9137E+07 -.1620E+07   .9997199  .0228246 -.0062591
T   79  9 .6105736E+08   3601150E+02 -.9859E+06  .1468E+07   .9999827 -.0026419  .0052574
T   80  9 .6135077E+08   3601150E+02  .1379E+07  .4368E+06   .9999943  .0024830 -.0022829
T   81  9 .6114569E+08   3601150E+02  .3836E+06 -.4807E+06   .9999881  .0014518 -.0046488
T   82  9 .6143503E+08   3601150E+02  .1582E+07  .1091E+07   .9999869  .0043550  .0027048
T   83  9 .6122916E+08   3601150E+02  .4227E+06  .1832E+07   .9999675  .0047830  .0064932
T   84  9 .6108218E+08   3601150E+02 -.4291E+06  .1522E+07   .9999771 -.0032355  .0059441
T   85  9 .6116765E+08   3601150E+02 -.2626E+06  .1560E+07   .9999760 -.0006596  .0069025
T   86  9 .6157529E+08   3601150E+02 -.3977E+06 -.1732E+07   .9999846 -.0001544 -.0055479
T   87  9 .6123637E+08   3601150E+02  .6261E+06 -.2341E+05   .9999996 -.0007651  .0003705
T   88  9 .6144036E+08   3601150E+02  .5786E+06  .7400E+06   .9999943  .0027390  .0019788
T   89  9 .6141979E+08   3601150E+02 -.1672E+07 -.8058E+06   .9999774 -.0063763 -.0021180
T   90  9 .6112307E+08   3601150E+02 -.1496E+07  .1273E+07   .9999697 -.0067959  .0038056
T   91  9 .6121055E+08   3601150E+02 -.1659E+07 -.1167E+07   .9999853 -.0043733 -.0032194
T   92  9 .6145369E+08   3601150E+02  .3328E+06  .1028E+07   .9999962  .0007731  .0026489
T   93  9 .6128001E+08   3601150E+02  .1551E+07  .1665E+07   .9999905 -.0010382  .0042287
T   94  9 .6147555E+08   3601150E+02 -.1524E+07 -.6156E+05   .9999891 -.0046657 -.0000987
T   95  9 .6127591E+08   3601150E+02 -.8105E+06  .1373E+07   .9999902 -.0003965  .0044089
T   96  9 .6157545E+08   3601150E+02  .4875E+06 -.6571E+06   .9999920  .0033562 -.0021925
T   97  9 .6109140E+08   3601150E+02  .5977E+06  .5304E+06   .9999984  .0002232  .0017496
T   98  9 .6150775E+08   3601150E+02  .1634E+07 -.4569E+06   .9999868  .0050372 -.0009734
T   99  9 .6103820E+08   3601150E+02  .7572E+06  .4300E+07   .9999604  .0024798  .0085428
T  100  9 .6128861E+08   3601150E+02  .1893E+06  .3444E+07   .9999389  .0013288  .0109736
T  101  9 .6122498E+08   3601150E+02  .6243E+05  .6211E+06   .9999997  .0006167  .0003768
T  102  9 .6125492E+08   3601150E+02 -.4538E+06 -.2369E+05   .9999986 -.0016873  .0000224
T  103  9 .6153883E+08   3601150E+02  .2996E+06  .3747E+06   .9999950  .0003912  .0031242
T  104  9 .6131624E+08   3601150E+02 -.2254E+07 -.4295E+07   .9999233 -.0052571 -.0112108
T  105  9 .6127312E+08   3601150E+02 -.2370E+07  .1945E+07   .9999568 -.0048031  .0079525
T  106  9 .6142768E+08   3601150E+02 -.2021E+06  .4933E+06   .9999992 -.0003943  .0012396
T  107  9 .6150820E+08   3601150E+02 -.8740E+06  .4592E+07   .9999259 -.0013538  .0121011
T  108  9 .6161183E+08   3601150E+02 -.1911E+05  .8520E+06   .9999884  .0014969  .0045707
T  109  9 .6118216E+08   3601150E+02  .1264E+07  .4928E+05   .9999986  .0013412  .0010414
T  110  9 .6126991E+08   3601150E+02  .5083E+06 -.1026E+07   .9999905  .0019234 -.0039043
T  111  9 .6143328E+08   3601150E+02 -.4509E+06  .1434E+07   .9999937 -.0007824  .0034587
T  112  9 .6147657E+08   3601150E+02 -.7568E+05  .7727E+06   .9998878 -.0148988  .0015755
T  113  9 .6134027E+08   3601150E+02 -.3085E+07  .1871E+07   .9999278 -.0095140  .0073384
T  114  9 .6126951E+08   3601150E+02  .2713E+07 -.5462E+05   .9998621  .0165994  .0005033
T  115  9 .6118470E+08   3601150E+02 -.2081E+06  .1278E+07   .9999912 -.0000811  .0041997
T  116  9 .6123689E+08   3601150E+02  .1675E+07  .5234E+06   .9999157  .0108730  .0070914
T  117  9 .6138849E+08   3601150E+02 -.2488E+07  .8893E+06   .9999737 -.0057530  .0044107
T  118  9 .6128986E+08   3601150E+02  .2194E+06 -.1981E+07   .9999781 -.0015598 -.0064318
T  119  9 .6124157E+08   3601150E+02 -.5458E+06 -.3639E+05   .9999964 -.0020444 -.0017626
T  120  9 .6111779E+08   3601150E+02 -.6854E+06 -.9277E+06   .9999800 -.0028529 -.0056373
T  121  9 .6123444E+08   3601150E+02 -.2005E+07  .2153E+07   .9999609 -.0058382  .0066482
T  122  9 .6128893E+08   3601150E+02 -.2094E+07 -.9051E+06   .9999802 -.0047045 -.0041854
T  123  9 .6143702E+08   3601150E+02  .1894E+07  .1177E+05   .9999723  .0043611 -.0060292
T  124  9 .6117174E+08   3601150E+02  .3210E+07 -.2805E+07   .9998676  .0116823 -.0113306
T  125  9 .6117098E+08   3601150E+02  .1487E+07  .1203E+07   .9999800  .0057065  .0027193
T  126  9 .6129521E+08   3601150E+02 -.6863E+06 -.1466E+06   .9999981 -.0019591 -.0001756
T  127  9 .6124823E+08   3601150E+02  .1337E+07  .2693E+07   .9999545  .0063240  .0071464
T  128  9 .6130937E+08   3601150E+02  .1334E+06  .2471E+06   .9999998  .0000428  .0006736
T  129  9 .6107737E+08   3601150E+02 -.1457E+06  .6608E+06   .9999990 -.0010665 -.0008874
T  130  9 .6135932E+08   3601150E+02 -.3403E+07  .1639E+07   .9999057 -.0137254  .0004176
T  131  9 .6134051E+08   3601150E+02 -.8295E+06 -.2109E+06   .9999998 -.0000684 -.0006696
T  132  9 .6118253E+08   3601150E+02 -.3066E+06  .7448E+06   .9999941 -.0029639 -.0017447
T  133  9 .6122462E+08   3601150E+02 -.8131E+06  .1766E+07   .9999595 -.0040762  .0080286
T  134  9 .6141482E+08   3601150E+02 -.6270E+06 -.1110E+07   .9999952 -.0010880 -.0029172
T  135  9 .6135891E+08   3601150E+02  .3559E+06 -.2797E+07   .9999753 -.0002040 -.0070225
T  136  9 .6109826E+08   3601150E+02 -.4297E+06 -.7982E+06   .9999949 -.0021752 -.0023286
T  137  9 .6114893E+08   3601150E+02 -.3876E+07 -.3255E+07   .9999300 -.0079851 -.0087349
T  138  9 .6148078E+08   3601150E+02 -.6654E+06  .1004E+07   .9999426 -.0021465  .0104989
T  139  9 .6126651E+08   3601150E+02  .2055E+07  .1086E+07   .9999738  .0061105  .0038931
T  140  9 .6131519E+08   3601150E+02  .1579E+06  .8340E+06   .9999971  .0010594  .0021775
T  141  9 .6129512E+08   3601150E+02 -.2397E+07  .1078E+07   .9999478 -.0100821  .0016482
T  142  9 .6121478E+08   3601150E+02  .1641E+07 -.2490E+07   .9999608  .0058012 -.0066921
T  143  9 .6130514E+08   3601150E+02  .1312E+07  .1109E+07   .9999898  .0035868  .0027302
T  144  9 .6120289E+08   3601150E+02 -.3745E+07  .9807E+06   .9999568 -.0087807  .0030535
T  145  9 .6130887E+08   3601150E+02  .1987E+07  .5505E+06   .9999814  .0058696  .0016559
T  146  9 .6127020E+08   3601150E+02  .2380E+07  .2339E+07   .9999616  .0037921  .0079008
T  147  9 .6139662E+08   3601150E+02 -.4999E+05 -.2448E+06   .9999997 -.0002497 -.0007701
T  148  9 .6124175E+08   3601150E+02  .1467E+06  .9261E+06   .9999978  .0019096  .0008721
T  149  9 .6146807E+08   3601150E+02 -.2378E+07  .4643E+06   .9999385 -.0101053  .0045671
T  150  9 .6136623E+08   3601150E+02 -.9326E+06  .4938E+06   .9999812 -.0028280  .0054492
T  151  9 .6123408E+08   3601150E+02  .3234E+06 -.9110E+06   .9999861  .0015620 -.0050349
T  152  9 .6132279E+08   3601150E+02  .8198E+06  .8766E+06   .9999933  .0006144  .0036117
T  153  9 .6149709E+08   3601150E+02 -.3445E+06 -.1485E+07   .9999874 -.0024753 -.0043724
T  154  9 .6125846E+08   3601150E+02 -.4537E+06 -.1987E+07   .9999833  .0000188 -.0057863
T  155  9 .6143319E+08   3601150E+02  .4446E+05  .1288E+07   .9999831 -.0000948  .0058200
T  156  9 .6123247E+08   3601150E+02  .9337E+06 -.1123E+06   .9999878  .0049055 -.0005092
T  157  9 .6129711E+08   3601150E+02  .1288E+07 -.6033E+06   .9999878  .0045596 -.0019030
T  158  9 .6138660E+08   3601150E+02 -.8088E+06 -.2999E+06   .9999982 -.0014012 -.0012462
T  159  9 .6132945E+08   3601150E+02 -.8004E+06 -.1099E+07   .9999968 -.0005907 -.0024541
T  160  9 .6131515E+08   3601150E+02  .7339E+02 -.1109E+07   .9999932 -.0007461 -.0036052
T  161  9 .6113104E+08   3601150E+02 -.5097E+05 -.1073E+07   .9998638  .0089411 -.0138699
T  162  9 .6154594E+08   3601150E+02  .9029E+06  .1900E+06   .9999898  .0044167 -.0009750
T  163  9 .6141228E+08   3601150E+02 -.6282E+05  .1511E+07   .9999918 -.0004961  .0040256
T  164  9 .6121071E+08   3601150E+02 -.1421E+07 -.4385E+06   .9999975 -.0022332 -.0001962
T  165  9 .6130513E+08   3601150E+02 -.1415E+07  .4673E+06   .9999964 -.0022133  .0015387
T  166  9 .6123853E+08   3601150E+02  .1264E+07  .1039E+07   .9999858  .0053079 -.0004309
T  167  9 .6139996E+08   3601150E+02 -.3583E+07  .1657E+07   .9993333 -.0319092  .0177410
T  168  9 .6123450E+08   3601150E+02 -.6752E+06  .3787E+07   .9999535 -.0052631  .0080836
T  169  9 .6136408E+08   3601150E+02  .1237E+07 -.6607E+06   .9999915  .0034174 -.0023027
T  170  9 .6132600E+08   3601150E+02 -.1216E+07 -.6475E+06   .9999963 -.0025137 -.0010030
T  171  9 .6116309E+08   3601150E+02 -.1144E+07 -.4956E+06   .9999714 -.0043776 -.0061719
T  172  9 .6108522E+08   3601150E+02 -.1178E+07 -.9430E+06   .9999741 -.0054339 -.0047136
T  173  9 .6149547E+08   3601150E+02  .2736E+07 -.7767E+06   .9999578  .0083084 -.0039207
T  174  9 .6120306E+08   3601150E+02  .8531E+06  .6075E+06   .9999917  .0035384  .0020156
T  175  9 .6109535E+08   3601150E+02  .8850E+06  .1343E+07   .9999634  .0071437  .0047131
T  176  9 .6132246E+08   3601150E+02  .1392E+06 -.1433E+05   .9999999 -.0002963  .0001441
T  177  9 .6122836E+08   3601150E+02  .1328E+07 -.2240E+07   .9999479  .0036418 -.0095321
T  178  9 .6123984E+08   3601150E+02  .1669E+07 -.1323E+06   .9999908  .0042665  .0003121
T  179  9 .6100850E+08   3601150E+02  .1102E+07 -.1083E+07   .9999805  .0040624 -.0047517
T  180  9 .6113821E+08   3601150E+02 -.1325E+07 -.1888E+06   .9999968 -.0016036  .0019418
T  181  9 .6117020E+08   3601150E+02  .5838E+06 -.1293E+07   .9999863  .0037123 -.0036932
T  182  9 .6118927E+08   3601150E+02  .4337E+07  .1745E+06   .9999397  .0109540 -.0008067
T  183  9 .6124297E+08   3601150E+02 -.9380E+06 -.5464E+05   .9999901 -.0043658 -.0008836
T  184  9 .6124929E+08   3601150E+02 -.2095E+07  .1858E+06   .9999896 -.0045502  .0002475
T  185  9 .6128728E+08   3601150E+02  .2257E+05 -.3138E+07   .9999820 -.0000052 -.0059988
T  186  9 .6134960E+08   3601150E+02  .1355E+07  .7089E+06   .9999894  .0043824  .0014052
T  187  9 .6115425E+08   3601150E+02 -.1245E+06  .8249E+06   .9999946  .0011952  .0030696
T  188  9 .6113386E+08   3601150E+02  .1628E+07  .1074E+07   .9999939  .0032844  .0011647
T  189  9 .6131537E+08   3601150E+02 -.9442E+06 -.1536E+07   .9999940 -.0009828 -.0033228
T  190  9 .6124111E+08   3601150E+02  .8463E+06 -.4985E+06   .9999982  .0006060 -.0017805
T  191  9 .6120789E+08   3601150E+02  .3394E+07 -.1832E+07   .9999426  .0093466 -.0052457
T  192  9 .6086664E+08   3601150E+02 -.2823E+06 -.1366E+07   .9999914  .0009664 -.0040354
T  193  9 .6113477E+08   3601150E+02 -.4949E+06 -.2688E+07   .9999658 -.0016808 -.0080988
T  194  9 .6134300E+08   3601150E+02 -.1414E+07  .2294E+07   .9999636 -.0032320  .0078968
T  195  9 .6133673E+08   3601150E+02  .3118E+07 -.2611E+07   .9998753  .0126788 -.0094198
T  196  9 .6131096E+08   3601150E+02  .5406E+06 -.2477E+06   .9999999  .0002724  .0003285
T  197  9 .6139833E+08   3601150E+02  .2922E+07  .2204E+07   .9999227  .0101085  .0072388
T  198  9 .6123073E+08   3601150E+02  .4703E+06 -.1266E+07   .9999950  .0007880 -.0030564
T  199  9 .6132646E+08   3601150E+02 -.3105E+07  .8726E+06   .9999333 -.0113946  .0019078
T  200  9 .6120228E+08   3601150E+02  .1389E+07 -.2815E+06   .9999940  .0034386 -.0003015
T  201  9 .6126847E+08   3601150E+02 -.3589E+06 -.8502E+06   .9999936 -.0020903 -.0029048
T  202  9 .6124749E+08   3601150E+02  .2241E+07  .2658E+06   .9999794  .0063897  .0006391
T  203  9 .6123251E+08   3601150E+02  .1571E+06 -.5388E+06   .9999929  .0011826 -.0035690
T  204  9 .6119517E+08   3601150E+02 -.5743E+06 -.1416E+07   .9999860  .0005377 -.0052688
T  205  9 .6108368E+08   3601150E+02 -.6208E+06  .1932E+05   .9999862 -.0051435  .0010394
T  206  9 .6126682E+08   3601150E+02  .2015E+06 -.1514E+07   .9999902  .0001785 -.0044124
T  207  9 .6133065E+08   3601150E+02 -.3270E+07 -.1525E+07   .9989837 -.0369027 -.0258787
T  208  9 .6131779E+08   3601150E+02 -.2819E+06 -.2264E+06   .9999893  .0039129 -.0024813
T  209  9 .6141892E+08   3601150E+02  .1501E+07  .1239E+07   .9999763  .0051213  .0046068
T  210  9 .6138106E+08   3601150E+02  .1887E+07 -.2061E+05   .9999216  .0125142  .0004628
T  211  9 .6129909E+08   3601150E+02  .2075E+07  .3548E+06   .9999951  .0028571  .0013146
T  212  9 .6124959E+08   3601150E+02  .1061E+07  .1348E+07   .9999928  .0022263  .0030889
T  213  9 .6113032E+08   3601150E+02 -.5077E+06  .6298E+06   .9999940 -.0001283  .0034625
T  214  9 .6135537E+08   3601150E+02  .1411E+07  .1789E+06   .9999910  .0042314 -.0003386
T  215  9 .6094950E+08   3601150E+02  .1336E+06  .9506E+06   .9999591  .0045243  .0078298
T  216  9 .6132724E+08   3601150E+02 -.2253E+07  .3638E+06   .9994541 -.0312680  .0106714
T  217  9 .6153283E+08   3601150E+02 -.9675E+06  .1390E+06   .9999960  .0009721  .0026680
T  218  9 .6150490E+08   3601150E+02 -.8851E+04 -.3139E+07   .9999555  .0008799 -.0093959
T  219  9 .6117540E+08   3601150E+02 -.1668E+06  .4126E+06   .9999989  .0014458  .0004571
T  220  9 .6106481E+08   3601150E+02 -.1656E+07  .1176E+07   .9999819 -.0037131  .0047355
T  221  9 .6113314E+08   3601150E+02  .9569E+06  .7083E+06   .9999869  .0045168  .0024131
T  222  9 .6112791E+08   3601150E+02  .2300E+07  .1296E+07   .9999557  .0057822  .0074242
T  223  9 .6131752E+08   3601150E+02 -.1346E+07  .1950E+07   .9999797 -.0038456  .0050815
T  224  9 .6127356E+08   3601150E+02 -.1242E+07 -.1538E+07   .9999868 -.0041052 -.0031011
T  225  9 .6132628E+08   3601150E+02 -.2749E+06 -.3408E+07   .9999471 -.0021797 -.0100567
T  226  9 .6115382E+08   3601150E+02 -.2346E+07 -.1698E+06   .9999680 -.0079980 -.0002429
T  227  9 .6114402E+08   3601150E+02 -.7801E+06 -.6961E+06   .9999961 -.0028024 -.0000187
T  228  9 .6116673E+08   3601150E+02  .5524E+06 -.1631E+07   .9999843  .0005465 -.0055799
T  229  9 .6137792E+08   3601150E+02  .5465E+06  .1412E+06   .9999961 -.0027189  .0006020
T  230  9 .6128387E+08   3601150E+02  .4721E+06  .1997E+05   .9999969  .0023663 -.0007818
T  231  9 .6145858E+08   3601150E+02  .1387E+07  .3885E+06   .9999951  .0022480  .0021938
T  232  9 .6141834E+08   3601150E+02 -.1030E+07  .1174E+07   .9999628 -.0075420  .0041943
T  233  9 .6127931E+08   3601150E+02 -.4095E+07 -.1800E+07   .9999003 -.0125630 -.0064469
T  234  9 .6148888E+08   3601150E+02 -.2979E+06  .1318E+07   .9999901  .0014011  .0042182
T  235  9 .6133968E+08   3601150E+02 -.1428E+07  .3779E+06   .9999951 -.0022433  .0021966
T  236  9 .6147013E+08   3601150E+02  .1624E+06  .2395E+06   .9999982  .0014027  .0013100
T  237  9 .6137425E+08   3601150E+02  .8330E+06  .1443E+07   .9999928  .0008494  .0036991
T  238  9 .6130446E+08   3601150E+02 -.1184E+07 -.1242E+06   .9999916 -.0039928  .0009596
T  239  9 .6107960E+08   3601150E+02 -.3483E+07  .1697E+08   .9989196 -.0142636  .0442284
T  240  9 .6129356E+08   3601150E+02 -.2028E+07 -.2637E+06   .9999757 -.0064981 -.0025125
T  241  9 .6119843E+08   3601150E+02  .7534E+06 -.1103E+06   .9999976  .0019652 -.0009231
T  242  9 .6114446E+08   3601150E+02  .1471E+07  .1117E+06   .9999877  .0048845 -.0009092
T  243  9 .6124055E+08   3601150E+02  .1203E+08 -.7959E+07   .9991422  .0343700 -.0230976
T  244  9 .6138683E+08   3601150E+02  .5824E+06  .3499E+06   .9999913  .0029655  .0029170
T  245  9 .6148655E+08   3601150E+02  .2785E+05 -.2679E+06   .9999980  .0015361 -.0012630
T  246  9 .6131928E+08   3601150E+02  .9610E+06  .8879E+06   .9999751  .0055958  .0043015
T  247  9 .6118103E+08   3601150E+02  .1822E+06  .9891E+06   .9999830 -.0034289  .0047219
T  248  9 .6146068E+08   3601150E+02 -.2060E+07  .4645E+06   .9999799 -.0063004  .0006935
T  249  9 .6122204E+08   3601150E+02  .2336E+07  .2618E+07   .9999735  .0053494  .0049345
T  250  9 .6137789E+08   3601150E+02 -.1195E+07  .1080E+07   .9999851 -.0042635  .0034112
T  251  9 .6128368E+08   3601150E+02  .7974E+06  .1337E+07   .9999735  .0052374  .0050556
T  252  9 .6145337E+08   3601150E+02  .3212E+06  .1784E+07   .9999692 -.0004865  .0078357
T  253  9 .6126339E+08   3601150E+02 -.1638E+07 -.1115E+07   .9999873 -.0035411 -.0035789
T  254  9 .6115673E+08   3601150E+02  .1459E+07  .1284E+07   .9999645  .0073091  .0041870
T  255  9 .6129091E+08   3601150E+02  .5576E+06  .2582E+06   .9999967  .0024857  .0005719
T  256  9 .6146974E+08   3601150E+02 -.2288E+07  .2225E+07   .9999556 -.0078182  .0052685
T  257  9 .6118783E+08   3601150E+02 -.4226E+07  .1348E+07   .9998599 -.0159835  .0049709
T  258  9 .6124193E+08   3601150E+02 -.1192E+06  .2768E+06   .9999972 -.0022974 -.0005340
T  259  9 .6153770E+08   3601150E+02 -.2544E+06 -.1966E+07   .9999813  .0003437 -.0061036
T  260  9 .6135323E+08   3601150E+02 -.2676E+07  .6895E+07   .9998127 -.0052995  .0186152
T  261  9 .6118810E+08   3601150E+02  .1105E+07  .8606E+05   .9999984 -.0016664  .0005909
T  262  9 .6114677E+08   3601150E+02  .1228E+07  .1114E+06   .9999968  .0024769 -.0004071
T  263  9 .6103441E+08   3601150E+02  .1713E+07  .1330E+06   .9999890  .0046769  .0001978
T  264  9 .6118265E+08   3601150E+02 -.3252E+06  .4522E+06   .9999979  .0002983  .0020510
T  265  9 .6128206E+08   3601150E+02 -.4460E+06 -.6652E+06   .9999990  .0010732 -.0008698
T  266  9 .6139282E+08   3601150E+02 -.1895E+07  .2844E+07   .9999565 -.0058398  .0072673
T  267  9 .6110014E+08   3601150E+02  .8822E+06 -.7792E+06   .9999905  .0008637 -.0042672
T  268  9 .6136422E+08   3601150E+02  .2068E+07 -.1302E+07   .9999771  .0048567 -.0047059
T  269  9 .6133633E+08   3601150E+02 -.4166E+05 -.1898E+07   .9999910  .0006739 -.0041860
T  270  9 .6137625E+08   3601150E+02  .3020E+06 -.1311E+07   .9999946  .0004156 -.0032615
T  271  9 .6128018E+08   3601150E+02  .6033E+05  .9344E+06   .9999772 -.0010987  .0066648
T  272  9 .6155331E+08   3601150E+02 -.2655E+06  .1266E+07   .9999978  .0001011  .0020803
T  273  9 .6127515E+08   3601150E+02  .3089E+06 -.8019E+05   .9999956  .0029649 -.0002136
T  274  9 .6147832E+08   3601150E+02 -.1638E+07 -.6113E+06   .9999863 -.0041877 -.0031265
T  275  9 .6124607E+08   3601150E+02 -.1949E+07  .9193E+06   .9999877 -.0046305  .0017942
T  276  9 .6131598E+08   3601150E+02 -.9202E+06  .1262E+07   .9999858 -.0042657  .0032041
T  277  9 .6130996E+08   3601150E+02 -.4243E+06 -.6635E+06   .9999941 -.0013627 -.0031457
T  278  9 .6136661E+08   3601150E+02  .7285E+06 -.2944E+07   .9999670 -.0002259 -.0081223
T  279  9 .6131858E+08   3601150E+02 -.1120E+07 -.6916E+06   .9999826 -.0048528 -.0033682
T  280  9 .6123715E+08   3601150E+02 -.8064E+06 -.1151E+06   .9999961 -.0027892 -.0001251
T  281  9 .6132608E+08   3601150E+02 -.2398E+07  .1510E+07   .9999424 -.0097322  .0045240
T  282  9 .6129247E+08   3601150E+02  .2981E+07  .7555E+05   .9999568  .0091777  .0015022
T  283  9 .6114683E+08   3601150E+02  .7847E+06 -.8179E+06   .9999919  .0032750 -.0023281
T  284  9 .6103674E+08   3601150E+02  .9190E+06  .1008E+07   .9999875  .0034315  .0036256
T  285  9 .6127095E+08   3601150E+02 -.4050E+06 -.5928E+06   .9999958 -.0017453 -.0022933
T  286  9 .6124768E+08   3601150E+02  .3652E+06  .1076E+07   .9999905  .0006391  .0043020
T  287  9 .6134372E+08   3601150E+02  .1786E+07  .3610E+07   .9999552  .0038791  .0086365
T  288  9 .6138469E+08   3601150E+02 -.1205E+07  .5616E+06   .9999906 -.0039942  .0016777
T  289  9 .6136843E+08   3601150E+02 -.9281E+06  .5347E+06   .9999973 -.0022028  .0007545
T  290  9 .6134234E+08   3601150E+02  .8310E+06  .9962E+06   .9999858  .0028703  .0044893
T  291  9 .6115740E+08   3601150E+02  .2717E+06  .1948E+07   .9999923  .0012644  .0037025
T  292  9 .6129099E+08   3601150E+02  .7718E+06 -.6299E+06   .9999904  .0040611 -.0016524
T  293  9 .6109322E+08   3601150E+02  .1813E+06  .1376E+06   .9999982  .0007173  .0017552
T  294  9 .6149495E+08   3601150E+02  .4038E+06 -.1594E+07   .9999894  .0020322 -.0041251
T  295  9 .6115738E+08   3601150E+02 -.1407E+07  .1022E+07   .9999777 -.0057984  .0033201
T  296  9 .6109476E+08   3601150E+02  .8481E+06  .6640E+06   .9999975  .0015417  .0016231
T  297  9 .6116224E+08   3601150E+02  .2199E+07 -.1811E+06   .9999639  .0082566 -.0019895
T  298  9 .6126745E+08   3601150E+02  .2644E+07  .7297E+06   .9999562  .0092714  .0012452
T  299  9 .6131146E+08   3601150E+02 -.5868E+06  .1086E+07   .9999927 -.0032688  .0019814
T  300  9 .6141906E+08   3601150E+02 -.2428E+06  .2711E+07   .9999606 -.0022669  .0085785
T  301  9 .6139739E+08   3601150E+02  .2133E+06  .1622E+07   .9999724  .0026511  .0069396
T  302  9 .6123261E+08   3601150E+02  .8631E+06 -.1100E+07   .9999910 -.0000243 -.0042356
T  303  9 .6135674E+08   3601150E+02  .4261E+06  .4655E+06   .9999971  .0006408  .0023329
T  304  9 .6112527E+08   3601150E+02  .1795E+07  .1361E+07   .9999388  .0104943  .0035037
T  305  9 .6117891E+08   3601150E+02 -.1782E+06  .9664E+06   .9999875 -.0008926  .0049275
T  306  9 .6130048E+08   3601150E+02 -.4286E+06  .9703E+06   .9999970 -.0004344  .0023904
T  307  9 .6144737E+08   3601150E+02  .1350E+07  .1005E+07   .9999901  .0033433  .0029233
T  308  9 .6120253E+08   3601150E+02 -.7720E+06  .9020E+06   .9999976 -.0019555 -.0009467
T  309  9 .6142782E+08   3601150E+02  .1015E+07  .6760E+05   .9999984  .0007682  .0016024
T  310  9 .6135280E+08   3601150E+02  .1521E+06  .8240E+06   .9999948  .0003966  .0032066
T  311  9 .6127290E+08   3601150E+02  .2444E+06  .1213E+07   .9999928  .0036378  .0011221
T  312  9 .6137362E+08   3601150E+02 -.3686E+06  .1629E+07   .9999434 -.0010837  .0105839
T  313  9 .6141717E+08   3601150E+02 -.1014E+07 -.2467E+07   .9999686 -.0039713 -.0068594
T  314  9 .6110124E+08   3601150E+02  .1359E+06 -.7592E+06   .9999990 -.0010494 -.0009964
T  315  9 .6125926E+08   3601150E+02  .4084E+07  .1368E+07   .9999399  .0098542  .0048105
T  316  9 .6129940E+08   3601150E+02 -.1582E+07  .9870E+06   .9999694 -.0077044  .0013237
T  317  9 .6115722E+08   3601150E+02  .3620E+06  .3125E+06   .9999821  .0059497  .0006580
T  318  9 .6104104E+08   3601150E+02 -.1294E+07 -.1350E+07   .9999498 -.0072002 -.0069626
T  319  9 .6130787E+08   3601150E+02  .1920E+06  .1270E+06   .9999992  .0006142  .0010958
T  320  9 .6112914E+08   3601150E+02 -.1153E+07  .5294E+06   .9999946 -.0031423  .0009231
T  321  9 .6136595E+08   3601150E+02 -.2462E+07 -.5516E+06   .9999677 -.0078227 -.0018560
T  322  9 .6112206E+08   3601150E+02 -.7186E+06 -.5124E+06   .9999962 -.0026633 -.0007036
T  323  9 .6118534E+08   3601150E+02 -.3766E+06 -.3288E+06   .9999989 -.0003074 -.0014688
T  324  9 .6138180E+08   3601150E+02  .7734E+06  .1748E+06   .9999998  .0005193  .0002444
T  325  9 .6156349E+08   3601150E+02 -.4680E+05  .4764E+05   .9999932  .0031463 -.0019022
T  326  9 .6112335E+08   3601150E+02 -.5325E+06  .6788E+06   .9999669 -.0065727  .0047859
T  327  9 .6128566E+08   3601150E+02 -.9445E+05  .6038E+06   .9999995 -.0002775  .0009802
T  328  9 .6120543E+08   3601150E+02  .1226E+07  .4723E+06   .9999941  .0022208  .0026085
T  329  9 .6124944E+08   3601150E+02 -.1586E+06 -.1648E+07   .9999715 -.0029978 -.0069220
T  330  9 .6123881E+08   3601150E+02 -.2845E+07  .2851E+06   .9999621 -.0086705 -.0008429
T  331  9 .6122963E+08   3601150E+02  .1793E+06  .3705E+06   .9999978  .0019960 -.0006158
T  332  9 .6150204E+08   3601150E+02 -.8401E+06 -.1580E+06   .9999996 -.0005431  .0007515
T  333  9 .6127687E+08   3601150E+02  .1809E+07  .3369E+07   .9999410  .0001250  .0108649
T  334  9 .6134925E+08   3601150E+02  .3529E+06 -.1251E+07   .9999759 -.0008193 -.0068934
T  335  9 .6147679E+08   3601150E+02 -.3140E+07 -.6981E+06   .9999728 -.0073015  .0010728
T  336  9 .6138661E+08   3601150E+02 -.1235E+05 -.1435E+06   .9999995  .0009361  .0001665
T  337  9 .6132754E+08   3601150E+02 -.5628E+06  .1320E+07   .9999931 -.0005444  .0036806
T  338  9 .6113110E+08   3601150E+02  .6179E+06 -.1868E+07   .9999850  .0009949 -.0053858
T  339  9 .6120935E+08   3601150E+02 -.2011E+06 -.2206E+07   .9999961  .0014764 -.0023601
T  340  9 .6130737E+08   3601150E+02  .2801E+07  .3817E+06   .9999067  .0124495  .0056143
T  341  9 .6113611E+08   3601150E+02  .2221E+07  .7370E+06   .9999659  .0075403  .0033568
T  342  9 .6131997E+08   3601150E+02  .3590E+06  .1650E+06   .9999985  .0014568  .0009748
T  343  9 .6147087E+08   3601150E+02 -.5087E+06 -.1474E+07   .9999921 -.0024897 -.0030906
T  344  9 .6135946E+08   3601150E+02 -.2885E+07 -.3684E+07   .9998753 -.0099864 -.0122326
T  345  9 .6134874E+08   3601150E+02 -.1035E+07 -.1370E+07   .9999823 -.0045593 -.0038220
T  346  9 .6119066E+08   3601150E+02 -.3890E+06 -.5748E+04   .9999889  .0003137 -.0046994
T  347  9 .6125801E+08   3601150E+02  .1405E+07  .9703E+06   .9999877  .0049582  .0001946
T  348  9 .6145172E+08   3601150E+02  .2325E+06  .1893E+07   .9999949 -.0000016  .0031934
T  349  9 .6138488E+08   3601150E+02 -.1574E+07 -.3052E+07   .9999211 -.0073541 -.0101831
T  350  9 .6141637E+08   3601150E+02 -.7255E+06  .4001E+05   .9999984 -.0017633  .0002541
T  351  9 .6109581E+08   3601150E+02  .1003E+07 -.2271E+07   .9999884  .0027920 -.0039275
T  352  9 .6111702E+08   3601150E+02 -.9637E+06 -.1301E+07   .9999874 -.0030424 -.0040016
T  353  9 .6110941E+08   3601150E+02 -.4595E+06  .6344E+04   .9999986  .0006882  .0015024
T  354  9 .6109719E+08   3601150E+02 -.5438E+06  .2357E+07   .9999110 -.0052393  .0122724
T  355  9 .6115356E+08   3601150E+02 -.2307E+07  .2720E+07   .9999291 -.0092758  .0074636
T  356  9 .6132000E+08   3601150E+02  .7886E+06  .4372E+06   .9999932  .0036806  .0001780
T  357  9 .6122461E+08   3601150E+02 -.2397E+06  .1398E+07   .9999891 -.0004131  .0046492
T  358  9 .6150339E+08   3601150E+02 -.1411E+07 -.6776E+04   .9999954 -.0030403  .0000428
T  359  9 .6136798E+08   3601150E+02 -.5936E+05 -.1154E+07   .9999949 -.0016841 -.0027005
T  360  9 .6119718E+08   3601150E+02 -.3151E+07  .2179E+07   .9999426 -.0084146  .0066293
T  361  9 .6138830E+08   3601150E+02 -.4724E+06 -.7599E+06   .9999905 -.0029932 -.0031773
T  362  9 .6115343E+08   3601150E+02  .1109E+06  .2278E+06   .9999977 -.0016841 -.0013471
T  363  9 .6120505E+08   3601150E+02 -.8484E+06  .2880E+06   .9999995 -.0004026 -.0008984
T  364  9 .6115587E+08   3601150E+02 -.1699E+07  .3745E+05   .9999858 -.0052594 -.0008079
T  365  9 .6117781E+08   3601150E+02  .3404E+07 -.1188E+07   .9999498  .0090647 -.0042633
T  366  9 .6134504E+08   3601150E+02  .3093E+06 -.3942E+06   .9999930  .0006136 -.0036824
T  367  9 .6122506E+08   3601150E+02  .1057E+07  .9034E+06   .9999868  .0048973  .0015739
T  368  9 .6136866E+08   3601150E+02  .8781E+06 -.2003E+05   .9999959  .0027037 -.0008984
T  369  9 .6129134E+08   3601150E+02  .1334E+06 -.4110E+06   .9999997  .0005503  .0005811
T  370  9 .6155933E+08   3601150E+02 -.4573E+06  .2570E+06   .9999935 -.0016820  .0031761
T  371  9 .6151306E+08   3601150E+02  .1815E+07 -.2288E+06   .9999919  .0040080 -.0003834
T  372  9 .6110398E+08   3601150E+02  .1184E+06  .2683E+07   .9999694  .0014239  .0076936
T  373  9 .6126718E+08   3601150E+02 -.7649E+06  .1144E+07   .9999769 -.0030247  .0060906
T  374  9 .6121972E+08   3601150E+02  .1298E+07 -.1171E+07   .9999890  .0038371 -.0026965
T  375  9 .6111635E+08   3601150E+02 -.1523E+07  .9189E+06   .9999862 -.0048367  .0020702
T  376  9 .6136687E+08   3601150E+02 -.4785E+06 -.2420E+07   .9999834 -.0013765 -.0055999
T  377  9 .6136709E+08   3601150E+02  .1201E+07  .6129E+03   .9999906  .0043297  .0003293
T  378  9 .6131092E+08   3601150E+02  .1526E+07  .1944E+07   .9999668  .0011281  .0080645
T  379  9 .6131515E+08   3601150E+02  .9315E+06 -.7570E+06   .9999964  .0026718 -.0003945
T  380  9 .6116087E+08   3601150E+02 -.5280E+06  .1660E+07   .9999928 -.0020095  .0032122
T  381  9 .6105504E+08   3601150E+02  .5769E+06  .2777E+06   .9999954  .0003312  .0030104
T  382  9 .6118816E+08   3601150E+02 -.4617E+06 -.8580E+06   .9999996 -.0006632 -.0006106
T  383  9 .6135978E+08   3601150E+02  .3557E+07 -.2880E+07   .9999226  .0111513 -.0055086
T  384  9 .6126950E+08   3601150E+02 -.3601E+06  .2321E+07   .9999796 -.0028303  .0057311
T  385  9 .6129211E+08   3601150E+02 -.1377E+06 -.4257E+06   .9999930  .0030029 -.0022206
T  386  9 .6127624E+08   3601150E+02 -.6187E+06 -.1050E+07   .9999995 -.0000732 -.0009870
T  387  9 .6117457E+08   3601150E+02 -.3788E+06 -.1458E+07   .9999718 -.0023840 -.0071184
T  388  9 .6142290E+08   3601150E+02  .4218E+06  .1211E+07   .9999959  .0017866  .0022427
T  389  9 .6153340E+08   3601150E+02  .1837E+07 -.1169E+07   .9999658  .0070212 -.0043618
T  390  9 .6116927E+08   3601150E+02  .8755E+06  .7814E+06   .9999928  .0028494  .0025031
T  391  9 .6128379E+08   3601150E+02 -.8268E+06  .7722E+06   .9999930 -.0020529  .0031203
T  392  9 .6133491E+08   3601150E+02 -.2621E+07 -.1079E+07   .9999581 -.0085351 -.0032961
T  393  9 .6134780E+08   3601150E+02 -.7059E+06 -.1290E+07   .9999955 -.0012900 -.0027088
T  394  9 .6125777E+08   3601150E+02  .9762E+06 -.9954E+06   .9999904  .0020326 -.0038704
T  395  9 .6122878E+08   3601150E+02  .7345E+06  .1236E+07   .9999965 -.0020653  .0016491
T  396  9 .6112631E+08   3601150E+02  .1251E+06 -.3208E+07   .9999474  .0018139 -.0100914
T  397  9 .6149270E+08   3601150E+02  .2928E+07  .2213E+07   .9999478  .0088098  .0051689
T  398  9 .6137843E+08   3601150E+02 -.8378E+06 -.3720E+06   .9999977 -.0013114 -.0017124
T  399  9 .6136983E+08   3601150E+02  .2502E+07 -.1692E+06   .9999794 -.0023932 -.0059624
T  400  9 .6104436E+08   3601150E+02  .4692E+06 -.5613E+06   .9999957 -.0007234 -.0028570
T  401  9 .6121743E+08   3601150E+02 -.3051E+07  .1514E+07   .9999226 -.0109052  .0059813
T  402  9 .6146419E+08   3601150E+02 -.1271E+07 -.1558E+05   .9999975 -.0021477  .0006467
T  403  9 .6116464E+08   3601150E+02  .1304E+07 -.2725E+06   .9999928  .0027361 -.0026292
T  404  9 .6117520E+08   3601150E+02 -.2353E+07 -.1120E+06   .9999779 -.0066068 -.0006957
T  405  9 .6101542E+08   3601150E+02 -.8903E+06 -.2090E+07   .9999631 -.0042764 -.0074494
T  406  9 .6127465E+08   3601150E+02 -.1814E+07 -.1879E+06   .9999587 -.0090860 -.0000789
T  407  9 .6122427E+08   3601150E+02  .7919E+06  .1016E+07   .9999875  .0033345  .0037241
T  408  9 .6133543E+08   3601150E+02 -.3882E+06 -.1113E+07   .9999897 -.0024431 -.0038289
T  409  9 .6105695E+08   3601150E+02  .2031E+07 -.3389E+07   .9999044  .0044090 -.0131081
T  410  9 .6115526E+08   3601150E+02  .1751E+07 -.1145E+07   .9999703  .0065104 -.0041223
T  411  9 .6110942E+08   3601150E+02 -.1098E+07  .2470E+06   .9999938 -.0032904 -.0012437
T  412  9 .6126177E+08   3601150E+02  .4638E+06 -.5751E+06   .9999958  .0006598 -.0028294
T  413  9 .6140081E+08   3601150E+02  .8440E+06  .8384E+06   .9999905 -.0003620  .0043473
T  414  9 .6139665E+08   3601150E+02 -.1833E+07 -.2592E+06   .9999917 -.0039643 -.0009482
T  415  9 .6130612E+08   3601150E+02  .1717E+07  .3814E+06   .9999600  .0088785  .0010538
T  416  9 .6132567E+08   3601150E+02  .1341E+07 -.1464E+07   .9999867  .0023600 -.0045865
T  417  9 .6137052E+08   3601150E+02  .7849E+07 -.5531E+07   .9996762  .0207078 -.0147846
T  418  9 .6126983E+08   3601150E+02 -.1322E+07 -.1413E+07   .9999891 -.0043434 -.0016947
T  419  9 .6135176E+08   3601150E+02  .1095E+07  .6172E+06   .9999915  .0027365  .0030905
T  420  9 .6114122E+08   3601150E+02  .4893E+06  .7099E+06   .9999998 -.0005162  .0002281
T  421  9 .6131920E+08   3601150E+02  .2586E+07  .2846E+07   .9999610  .0057729  .0066822
T  422  9 .6132141E+08   3601150E+02  .3829E+06  .6428E+06   .9999980  .0014337  .0013925
T  423  9 .6130098E+08   3601150E+02 -.3476E+06  .3507E+06   .9999982  .0011487  .0015136
T  424  9 .6139504E+08   3601150E+02 -.1125E+07 -.1156E+07   .9999912 -.0030527 -.0028686
T  425  9 .6139997E+08   3601150E+02  .1363E+07 -.6156E+06   .9999943  .0031980 -.0011278
T  426  9 .6168821E+08   3601150E+02  .7205E+06 -.1773E+07   .9999864  .0011928 -.0050856
T  427  9 .6147999E+08   3601150E+02 -.5318E+06  .1075E+07   .9999867 -.0035788  .0037018
T  428  9 .6133230E+08   3601150E+02 -.6700E+06 -.4438E+06   .9999997 -.0006006  .0004524
T  429  9 .6145674E+08   3601150E+02  .4750E+06  .4453E+06   .9999993 -.0005065  .0010571
T  430  9 .6136036E+08   3601150E+02  .1154E+07  .7275E+06   .9999897  .0042117  .0016731
T  431  9 .6132839E+08   3601150E+02 -.1963E+07  .8795E+06   .9999870 -.0049224  .0013437
T  432  9 .6122379E+08   3601150E+02  .1344E+07 -.1439E+07   .9999798  .0050694 -.0038416
T  433  9 .6134294E+08   3601150E+02  .2590E+07  .1156E+07   .9999672  .0079539  .0015124
T  434  9 .6145081E+08   3601150E+02  .1112E+07 -.6608E+06   .9999910  .0024592 -.0034699
T  435  9 .6117977E+08   3601150E+02  .2665E+07 -.1142E+07   .9999582  .0086958 -.0028133
T  436  9 .6139758E+08   3601150E+02 -.1188E+07 -.2651E+07   .9999684 -.0027529 -.0074558
T  437  9 .6121942E+08   3601150E+02 -.3882E+07  .3349E+07   .9998944 -.0109746  .0095256
T  438  9 .6108092E+08   3601150E+02 -.1582E+07 -.1106E+07   .9999878 -.0024303 -.0043005
T  439  9 .6121856E+08   3601150E+02 -.1417E+06 -.3027E+06   .9999879 -.0043845 -.0022146
T  440  9 .6116990E+08   3601150E+02  .1113E+07 -.8778E+05   .9999860  .0052809 -.0002443
T  441  9 .6101696E+08   3601150E+02  .2335E+06  .1531E+07   .9999823  .0005649  .0059264
T  442  9 .6116335E+08   3601150E+02  .7734E+06 -.8094E+06   .9999918  .0030085 -.0027153
T  443  9 .6116559E+08   3601150E+02 -.5469E+05 -.1080E+07   .9999606 -.0060098 -.0065382
T  444  9 .6109812E+08   3601150E+02  .7696E+06 -.3104E+06   .9999980  .0018619 -.0007433
T  445  9 .6118652E+08   3601150E+02 -.4026E+06  .9405E+06   .9999839 -.0048201  .0029826
T  446  9 .6128037E+08   3601150E+02  .5173E+06 -.6829E+06   .9999834  .0057582 -.0001724
T  447  9 .6146661E+08   3601150E+02 -.4664E+06 -.1535E+07   .9999739 -.0049468 -.0052603
T  448  9 .6140516E+08   3601150E+02  .1638E+07  .2117E+07   .9999658  .0034715  .0075008
T  449  9 .6133164E+08   3601150E+02 -.3763E+06 -.3439E+05   .9999999  .0003669  .0003224
T  450  9 .6123519E+08   3601150E+02 -.7468E+06  .1631E+07   .9999900 -.0012943  .0042833
T  451  9 .6118972E+08   3601150E+02  .5660E+06 -.4729E+06   .9999896  .0036980 -.0026652
T  452  9 .6137679E+08   3601150E+02  .1918E+07 -.8756E+06   .9999949  .0031765  .0002460
T  453  9 .6113641E+08   3601150E+02  .1033E+06 -.3142E+05   .9999965  .0000565 -.0026297
T  454  9 .6132048E+08   3601150E+02  .5662E+06 -.9137E+06   .9999981 -.0006088 -.0018270
T  455  9 .6123889E+08   3601150E+02 -.2562E+07  .1334E+07   .9999721 -.0064910  .0036961
T  456  9 .6123226E+08   3601150E+02  .1838E+07  .1988E+07   .9999515  .0076835  .0061574
T  457  9 .6131663E+08   3601150E+02  .2915E+07  .1107E+07   .9999591  .0085339  .0029913
T  458  9 .6134721E+08   3601150E+02 -.2131E+07  .2775E+07   .9998764 -.0111093  .0111230
T  459  9 .6139947E+08   3601150E+02  .3828E+06  .9451E+06   .9999966 -.0001250  .0026160
T  460  9 .6117337E+08   3601150E+02  .1684E+07 -.3032E+07   .9999547  .0036452 -.0087920
T  461  9 .6142031E+08   3601150E+02  .6790E+06  .1471E+06   .9999895  .0045455  .0006088
T  462  9 .6127712E+08   3601150E+02 -.5998E+05  .4395E+06   .9999849 -.0036872 -.0040858
T  463  9 .6125747E+08   3601150E+02  .2227E+07 -.6039E+07   .9998682  .0056707 -.0152138
T  464  9 .6129315E+08   3601150E+02  .5800E+05 -.2242E+06   .9999958  .0012311 -.0026080
T  465  9 .6118931E+08   3601150E+02  .9479E+06  .2498E+06   .9999908  .0035842  .0023543
T  466  9 .6149328E+08   3601150E+02  .4794E+06 -.7966E+06   .9999819  .0003055 -.0060082
T  467  9 .6123667E+08   3601150E+02 -.8871E+06  .1517E+07   .9999952 -.0007547  .0029975
T  468  9 .6120719E+08   3601150E+02 -.1401E+07  .1735E+06   .9999948 -.0032272 -.0002200
T  469  9 .6145998E+08   3601150E+02 -.1145E+07 -.3730E+04   .9999559 -.0087813 -.0033295
T  470  9 .6128468E+08   3601150E+02  .4355E+07 -.2575E+06   .9999360  .0112750 -.0008868
T  471  9 .6102621E+08   3601150E+02  .4362E+06 -.4632E+06   .9999860  .0047896 -.0022532
T  472  9 .6113690E+08   3601150E+02 -.6035E+06 -.1097E+07   .9999957 -.0022411 -.0018752
T  473  9 .6143612E+08   3601150E+02 -.1165E+07 -.9946E+06   .9999763 -.0048224 -.0049177
T  474  9 .6105152E+08   3601150E+02  .2097E+07  .3170E+07   .9998946  .0119325  .0082747
T  475  9 .6134067E+08   3601150E+02 -.7654E+06  .1313E+07   .9999884 -.0041072  .0025308
T  476  9 .6146272E+08   3601150E+02  .7727E+06 -.1204E+06   .9999993  .0009931 -.0006984
T  477  9 .6126768E+08   3601150E+02 -.1106E+06 -.1486E+06   .9999841 -.0050472 -.0025244
T  478  9 .6125725E+08   3601150E+02 -.1958E+07  .5754E+06   .9999707 -.0075661  .0011286
T  479  9 .6119862E+08   3601150E+02 -.8652E+05  .4135E+07   .9999111  .0017340  .0132182
T  480  9 .6142623E+08   3601150E+02 -.2459E+06  .1700E+07   .9999919 -.0000015  .0040270
T  481  9 .6104752E+08   3601150E+02  .8172E+06 -.5338E+06   .9999943  .0015738 -.0030008
T  482  9 .6121640E+08   3601150E+02  .2635E+06 -.6833E+06   .9999958  .0009563 -.0027421
T  483  9 .6158998E+08   3601150E+02  .3884E+07 -.6034E+07   .9997826  .0060048 -.0199685
T  484  9 .6125302E+08   3601150E+02  .1644E+07  .1165E+07   .9999927  .0038069  .0001281
T  485  9 .6134359E+08   3601150E+02  .2868E+06 -.1723E+07   .9999760  .0019234 -.0066550
T  486  9 .6136233E+08   3601150E+02 -.1742E+06 -.1708E+07   .9999868 -.0028254 -.0042963
T  487  9 .6134129E+08   3601150E+02 -.1248E+06 -.2191E+07   .9999542 -.0004961 -.0095582
T  488  9 .6129899E+08   3601150E+02 -.2391E+06 -.6247E+06   .9999991  .0000275 -.0013131
T  489  9 .6134358E+08   3601150E+02  .1580E+06  .5299E+06   .9999986  .0003831  .0016424
T  490  9 .6119924E+08   3601150E+02 -.6434E+06  .7177E+05   .9999994 -.0008172 -.0007355
T  491  9 .6133499E+08   3601150E+02 -.4406E+05 -.1439E+06   .9999984 -.0017677 -.0001622
T  492  9 .6111667E+08   3601150E+02 -.1979E+07 -.5439E+06   .9999847 -.0050272 -.0023227
T  493  9 .6108073E+08   3601150E+02  .2712E+06 -.6759E+05   .9999988  .0011080  .0011132
T  494  9 .6111173E+08   3601150E+02 -.1468E+07  .1591E+06   .9999970 -.0024275 -.0003305
T  495  9 .6125421E+08   3601150E+02  .1111E+07  .3410E+06   .9999983  .0015956 -.0008954
T  496  9 .6140419E+08   3601150E+02  .1604E+07 -.5544E+06   .9999974 -.0002343 -.0022698
T  497  9 .6140264E+08   3601150E+02  .1063E+07  .1613E+07   .9999781  .0040978  .0051977
T  498  9 .6122166E+08   3601150E+02  .4959E+07  .5256E+07   .9994748  .0176990  .0271440
T  499  9 .6140682E+08   3601150E+02 -.3008E+07 -.1784E+07   .9999589 -.0060548 -.0067543
T  500  9 .6123595E+08   3601150E+02 -.9219E+06 -.2751E+07   .9999782 -.0021304 -.0062538
T  501  9 .6139821E+08   3601150E+02 -.1500E+07 -.4998E+05   .9999768 -.0064428 -.0022161
T  502  9 .6129526E+08   3601150E+02  .6910E+06 -.1434E+07   .9999850  .0027696 -.0047268
T  503  9 .6126241E+08   3601150E+02  .2083E+07  .1392E+08   .9992122  .0050833  .0393581
T  504  9 .6133207E+08   3601150E+02  .7110E+06 -.1362E+07   .9999956  .0001418 -.0029546
T  505  9 .6138508E+08   3601150E+02 -.8962E+06  .1031E+07   .9999876 -.0022884  .0044134
T  506  9 .6131345E+08   3601150E+02 -.3323E+07  .1145E+07   .9999548 -.0089309  .0032706
T  507  9 .6126407E+08   3601150E+02 -.2826E+07 -.2165E+07   .9999471 -.0071993 -.0073428
T  508  9 .6147662E+08   3601150E+02  .1555E+06  .3230E+06   .9999999  .0002622  .0002493
T  509  9 .6133596E+08   3601150E+02 -.1342E+07 -.1343E+07   .9999910 -.0035973 -.0022486
T  510  9 .6138025E+08   3601150E+02  .1992E+07 -.2710E+07   .9999410  .0091181 -.0059032
T  511  9 .6110846E+08   3601150E+02 -.6929E+06 -.3829E+06   .9999946 -.0030676 -.0011396
T  512  9 .6115920E+08   3601150E+02 -.1379E+07 -.2958E+06   .9999990 -.0013733 -.0001817
T  513  9 .6122817E+08   3601150E+02  .3025E+07  .8034E+07   .9996810  .0094116  .0234362
T  514  9 .6128172E+08   3601150E+02 -.5903E+06  .1143E+07   .9999886 -.0006244  .0047235
T  515  9 .6123679E+08   3601150E+02 -.7359E+06  .4053E+06   .9999881 -.0047148  .0012821
T  516  9 .6135998E+08   3601150E+02  .2850E+07 -.4604E+06   .9999742  .0071350 -.0007946
T  517  9 .6143087E+08   3601150E+02 -.9075E+06 -.1350E+07   .9999809 -.0043558 -.0043786
T  518  9 .6143194E+08   3601150E+02  .2620E+07 -.8369E+07   .9995948  .0070636 -.0275758
T  519  9 .6109494E+08   3601150E+02 -.1258E+07 -.8918E+07   .9996900 -.0017511 -.0248379
T  520  9 .6123549E+08   3601150E+02 -.1331E+06  .1001E+07   .9999640 -.0082304  .0020409
T  521  9 .6125639E+08   3601150E+02  .3289E+06 -.1679E+07   .9999906 -.0001826 -.0043207
T  522  9 .6126365E+08   3601150E+02  .4939E+06 -.1025E+07   .9999965  .0015360 -.0021638
T  523  9 .6125058E+08   3601150E+02  .1560E+07  .1966E+07   .9999839  .0039611  .0040589
T  524  9 .6136722E+08   3601150E+02 -.1707E+07  .4338E+06   .9999924 -.0038932  .0000119
T  525  9 .6124474E+08   3601150E+02 -.2323E+07 -.1611E+06   .9999255 -.0118572  .0029110
T  526  9 .6132091E+08   3601150E+02 -.2670E+07  .7411E+06   .9999486 -.0089053  .0048417
T  527  9 .6129117E+08   3601150E+02  .3041E+07 -.1167E+07   .9998467  .0167028 -.0052514
T  528  9 .6136138E+08   3601150E+02 -.4963E+06  .4131E+07   .9999225 -.0000288  .0124462
T  529  9 .6136126E+08   3601150E+02 -.5229E+06 -.2242E+06   .9999930 -.0021102 -.0030913
T  530  9 .6148667E+08   3601150E+02 -.2283E+05 -.1323E+07   .9999970 -.0004364 -.0024080
T  531  9 .6117032E+08   3601150E+02  .1054E+07 -.1590E+07   .9999734 -.0007175 -.0072617
T  532  9 .6137870E+08   3601150E+02  .8790E+06  .1205E+06   .9999998  .0002592  .0006295
T  533  9 .6125556E+08   3601150E+02  .1499E+06 -.2820E+07   .9996633  .0149872 -.0211817
T  534  9 .6117791E+08   3601150E+02 -.7796E+06  .1043E+06   .9999973 -.0020921 -.0010298
T  535  9 .6136315E+08   3601150E+02 -.7937E+06 -.8468E+05   .9999999  .0002651 -.0001481
T  536  9 .6132888E+08   3601150E+02 -.3512E+06  .2270E+06   .9999974 -.0003719 -.0022578
T  537  9 .6152882E+08   3601150E+02 -.1021E+07  .2142E+07   .9999281 -.0040068  .0112991
T  538  9 .6124837E+08   3601150E+02  .5215E+06 -.1929E+07   .9999809  .0026329 -.0055932
T  539  9 .6112609E+08   3601150E+02  .1581E+07 -.5426E+05   .9999942  .0033860  .0003638
T  540  9 .6124378E+08   3601150E+02 -.5303E+07  .5714E+05   .9998985 -.0141013  .0020254
T  541  9 .6122092E+08   3601150E+02 -.4063E+07 -.4686E+07   .9997857 -.0139056 -.0153380
T  542  9 .6140707E+08   3601150E+02  .7353E+06  .1093E+06   .9999964  .0026601  .0001684
T  543  9 .6142251E+08   3601150E+02  .4562E+06  .2067E+07   .9999908  .0004479  .0042763
T  544  9 .6138785E+08   3601150E+02 -.6258E+06  .3775E+06   .9999999 -.0002065  .0001211
T  545  9 .6108499E+08   3601150E+02  .1750E+07  .2166E+06   .9999789  .0064002  .0010977
T  546  9 .6133956E+08   3601150E+02 -.2226E+07  .1782E+07   .9999703 -.0061417  .0046531
T  547  9 .6124750E+08   3601150E+02 -.4155E+07  .8920E+06   .9998976 -.0136152  .0044028
T  548  9 .6120508E+08   3601150E+02  .6033E+06 -.6052E+06   .9999953  .0019328 -.0023946
T  549  9 .6137752E+08   3601150E+02 -.5218E+06  .3177E+06   .9999952 -.0026437  .0016324
T  550  9 .6145902E+08   3601150E+02 -.1707E+07  .3217E+07   .9999443 -.0031449  .0100730
T  551  9 .6146268E+08   3601150E+02 -.2157E+07  .2321E+06   .9999908 -.0041930 -.0009146
T  552  9 .6132847E+08   3601150E+02 -.2290E+06 -.3282E+06   .9999960  .0015319 -.0023709
T  553  9 .6123178E+08   3601150E+02  .7024E+06 -.2011E+07   .9999748  .0038934 -.0059410
T  554  9 .6116679E+08   3601150E+02 -.1960E+06  .7077E+06   .9999918 -.0006549  .0039875
T  555  9 .6126304E+08   3601150E+02  .1362E+07 -.1128E+07   .9999880  .0029456 -.0039197
T  556  9 .6126477E+08   3601150E+02 -.2169E+07  .1941E+06   .9999637 -.0084474  .0011395
T  557  9 .6127883E+08   3601150E+02 -.5700E+06 -.3634E+07   .9999221 -.0031537 -.0120762
T  558  9 .6135800E+08   3601150E+02 -.2622E+07  .9244E+06   .9999759 -.0066378  .0020466
T  559  9 .6132578E+08   3601150E+02 -.3718E+06  .4090E+05   .9999971 -.0024027  .0003349
T  560  9 .6129268E+08   3601150E+02  .2383E+05  .9701E+05   .9999992 -.0011766  .0004262
T  561  9 .6124483E+08   3601150E+02 -.1993E+07  .2680E+07   .9999296 -.0075692  .0091368
T  562  9 .6095980E+08   3601150E+02  .3689E+06 -.1183E+07   .9999864  .0028666 -.0043643
T  563  9 .6141005E+08   3601150E+02 -.4233E+06  .1305E+07   .9999920 -.0021506  .0033607
T  564  9 .6128150E+08   3601150E+02 -.1266E+06  .1305E+07   .9999823  .0019625  .0056113
T  565  9 .6138785E+08   3601150E+02  .7526E+05 -.1563E+07   .9999673 -.0018573 -.0078727
T  566  9 .6127367E+08   3601150E+02  .3246E+03  .7503E+06   .9999989  .0014957 -.0000267
T  567  9 .6124317E+08   3601150E+02  .1948E+06 -.2361E+06   .9999979 -.0015355  .0013359
T  568  9 .6140576E+08   3601150E+02  .1344E+07 -.4164E+06   .9999766  .0062003 -.0029077
T  569  9 .6140656E+08   3601150E+02 -.1892E+07  .4603E+06   .9999698 -.0065939  .0041100
T  570  9 .6126088E+08   3601150E+02 -.2226E+07 -.3034E+06   .9999778 -.0064221 -.0018015
T  571  9 .6124570E+08   3601150E+02  .2777E+06  .5873E+06   .9999943  .0022002  .0025496
T  572  9 .6156563E+08   3601150E+02 -.2901E+06 -.3230E+07   .9999482 -.0038131 -.0094412
T  573  9 .6130391E+08   3601150E+02 -.7471E+06  .3535E+06   .9999986 -.0013251  .0010691
T  574  9 .6129390E+08   3601150E+02 -.2393E+06  .7047E+06   .9999959 -.0020290  .0020290
T  575  9 .6142097E+08   3601150E+02  .1346E+07 -.9624E+06   .9999540  .0090215  .0032608
T  576  9 .6113126E+08   3601150E+02 -.3168E+06  .8117E+06   .9999845 -.0004251  .0055526
T  577  9 .6126874E+08   3601150E+02  .6119E+06 -.5181E+06   .9999898  .0038608 -.0023324
T  578  9 .6117938E+08   3601150E+02 -.1212E+07 -.4973E+06   .9999950 -.0031508 -.0002643
T  579  9 .6133462E+08   3601150E+02 -.8957E+06 -.1705E+07   .9999938 -.0017342 -.0030615
T  580  9 .6135541E+08   3601150E+02 -.1182E+07 -.4184E+06   .9999944 -.0033406 -.0002382
T  581  9 .6111075E+08   3601150E+02 -.1261E+07 -.3444E+06   .9999969 -.0021447  .0012484
T  582  9 .6120074E+08   3601150E+02 -.8767E+06  .2470E+06   .9999963 -.0020527  .0017974
T  583  9 .6120294E+08   3601150E+02 -.8774E+06 -.1066E+07   .9999824 -.0039179 -.0044586
T  584  9 .6131823E+08   3601150E+02 -.1962E+07 -.2552E+06   .9999979 -.0020233 -.0004456
T  585  9 .6121468E+08   3601150E+02 -.1562E+07 -.9258E+06   .9999694 -.0065009 -.0043421
T  586  9 .6120662E+08   3601150E+02 -.1476E+06  .7684E+06   .9999783 -.0065231  .0009693
T  587  9 .6131114E+08   3601150E+02 -.5826E+06  .1051E+06   .9999954 -.0029470 -.0007121
T  588  9 .6135524E+08   3601150E+02 -.1142E+07 -.1613E+05   .9999927 -.0034879 -.0015611
T  589  9 .6128971E+08   3601150E+02  .9806E+06  .2999E+06   .9999964  .0017269  .0020504
T  590  9 .6126206E+08   3601150E+02  .2773E+07 -.8553E+06   .9999566  .0091656 -.0016558
T  591  9 .6134801E+08   3601150E+02  .2404E+07 -.2022E+06   .9999735  .0065552 -.0031571
T  592  9 .6127850E+08   3601150E+02 -.2691E+07 -.1602E+06   .9998868 -.0149680  .0015125
T  593  9 .6138242E+08   3601150E+02 -.1353E+07  .1953E+07   .9999581 -.0045610  .0079309
T  594  9 .6130239E+08   3601150E+02  .3586E+05  .2701E+07   .9999919 -.0005942  .0039788
T  595  9 .6135205E+08   3601150E+02  .7102E+06  .2579E+07   .9999731  .0024254  .0069160
T  596  9 .6134504E+08   3601150E+02  .1528E+07  .8038E+06   .9999654  .0073804  .0038403
T  597  9 .6146789E+08   3601150E+02  .1439E+07  .9360E+06   .9999851  .0036019  .0041018
T  598  9 .6130589E+08   3601150E+02 -.1576E+07 -.1043E+07   .9999840 -.0053617 -.0018063
T  599  9 .6147076E+08   3601150E+02  .2272E+07  .9357E+06   .9999546  .0076198  .0057268
T  600  9 .6140650E+08   3601150E+02 -.1435E+07 -.5694E+06   .9999944 -.0028562 -.0017435
T  601  9 .6121423E+08   3601150E+02  .8191E+06  .1308E+06   .9999987  .0015066  .0005145
T  602  9 .6129893E+08   3601150E+02 -.1342E+07  .1174E+06   .9999960 -.0024585  .0013772
T  603  9 .6121448E+08   3601150E+02 -.3735E+07 -.9081E+06   .9999277 -.0118306 -.0021418
T  604  9 .6127469E+08   3601150E+02  .1583E+07 -.6321E+06   .9999745  .0063356 -.0032902
T  605  9 .6099602E+08   3601150E+02 -.5404E+06  .3948E+06   .9999989 -.0011765 -.0008848
T  606  9 .6153833E+08   3601150E+02 -.6881E+06  .4499E+06   .9999981 -.0014447  .0012929
T  607  9 .6122967E+08   3601150E+02  .3639E+06  .1826E+07   .9999830 -.0009767  .0057464
T  608  9 .6134934E+08   3601150E+02 -.9930E+06 -.3715E+06   .9999820 -.0033777 -.0049507
T  609  9 .6109087E+08   3601150E+02  .3114E+06 -.3172E+06   .9999988  .0004972  .0014397
T  610  9 .6117643E+08   3601150E+02  .1770E+06  .2419E+05   .9999982 -.0011388 -.0015233
T  611  9 .6122062E+08   3601150E+02 -.5841E+06  .1581E+07   .9999784 -.0022574  .0061760
T  612  9 .6147464E+08   3601150E+02 -.7730E+04 -.1603E+07   .9999956  .0016848 -.0024468
T  613  9 .6149854E+08   3601150E+02 -.2129E+06  .2110E+07   .9999913 -.0013938  .0039381
T  614  9 .6117851E+08   3601150E+02  .1818E+07  .1249E+07   .9999699  .0055218  .0054493
T  615  9 .6117136E+08   3601150E+02 -.1498E+07 -.3014E+06   .9999871 -.0045428 -.0022886
T  616  9 .6131997E+08   3601150E+02  .1847E+07  .1505E+07   .9999733  .0064782  .0033762
T  617  9 .6147213E+08   3601150E+02  .2726E+06 -.5160E+06   .9999856  .0036481 -.0039357
T  618  9 .6125645E+08   3601150E+02  .1630E+07 -.2498E+06   .9999694  .0075002  .0022167
T  619  9 .6137680E+08   3601150E+02  .5393E+06  .2677E+06   .9999989 -.0013622  .0006534
T  620  9 .6113110E+08   3601150E+02  .1109E+05  .1528E+06   .9999983  .0002293  .0018285
T  621  9 .6120143E+08   3601150E+02 -.2386E+07 -.1058E+07   .9999877 -.0041767 -.0026787
T  622  9 .6108664E+08   3601150E+02  .1120E+07 -.4722E+06   .9999917  .0038468 -.0013396
T  623  9 .6133748E+08   3601150E+02 -.1701E+07  .1268E+06   .9999885 -.0046754 -.0010802
T  624  9 .6135673E+08   3601150E+02 -.6645E+06 -.1996E+07   .9999877 -.0023163 -.0043884
T  625  9 .6116729E+08   3601150E+02  .3431E+06  .1740E+06   .9999893  .0016931  .0043084
T  626  9 .6115265E+08   3601150E+02 -.2234E+06 -.2628E+07   .9999572 -.0017969 -.0090735
T  627  9 .6109088E+08   3601150E+02  .1302E+07  .9507E+06   .9999905  .0037672  .0021980
T  628  9 .6115778E+08   3601150E+02  .1480E+07 -.4560E+06   .9999891  .0046640 -.0003136
T  629  9 .6105593E+08   3601150E+02  .6491E+06  .4538E+06   .9999937  .0020400  .0029044
T  630  9 .6127003E+08   3601150E+02  .5645E+06 -.9831E+06   .9999909  .0029153 -.0031028
T  631  9 .6133184E+08   3601150E+02 -.1303E+07  .2314E+06   .9999927 -.0035415  .0014065
T  632  9 .6116437E+08   3601150E+02 -.1229E+07  .4555E+06   .9999929 -.0036670  .0008331
T  633  9 .6147118E+08   3601150E+02 -.9703E+05 -.1155E+06   .9999998 -.0002476 -.0005041
T  634  9 .6129239E+08   3601150E+02 -.2075E+07  .1173E+06   .9999785 -.0064201 -.0013399
T  635  9 .6142701E+08   3601150E+02  .2889E+06  .8369E+06   .9999996  .0009153  .0001681
T  636  9 .6143733E+08   3601150E+02  .8374E+06  .7099E+06   .9999863  .0048605  .0019245
T  637  9 .6119678E+08   3601150E+02  .1754E+07  .8672E+06   .9999897  .0045336 -.0001140
T  638  9 .6111163E+08   3601150E+02  .5254E+06  .1088E+07   .9999980  .0001798  .0019695
T  639  9 .6113177E+08   3601150E+02  .5284E+05  .8035E+06   .9999876  .0009722  .0048871
T  640  9 .6111668E+08   3601150E+02 -.3315E+06 -.2499E+06   .9999970 -.0022319 -.0010403
T  641  9 .6106808E+08   3601150E+02  .4150E+06 -.2164E+06   .9999937 -.0019609 -.0029731
T  642  9 .6127105E+08   3601150E+02  .8335E+06  .1342E+06   .9999996  .0005511  .0007173
T  643  9 .6111510E+08   3601150E+02 -.2453E+07  .1525E+07   .9999481 -.0084901  .0056335
T  644  9 .6138676E+08   3601150E+02 -.2896E+07 -.1548E+06   .9999528 -.0095979 -.0015345
T  645  9 .6112666E+08   3601150E+02 -.2136E+07  .1285E+07   .9999794 -.0054033  .0034652
T  646  9 .6135146E+08   3601150E+02  .1051E+06  .1651E+07   .9999812  .0026478  .0055220
T  647  9 .6136619E+08   3601150E+02 -.4617E+06 -.2857E+06   .9999982 -.0007325 -.0017744
T  648  9 .6134759E+08   3601150E+02  .1938E+07 -.8352E+06   .9999870  .0050890 -.0001377
T  649  9 .6134390E+08   3601150E+02 -.9362E+06  .1044E+07   .9999913 -.0021685  .0035679
T  650  9 .6123093E+08   3601150E+02  .1135E+07 -.1662E+07   .9999815  .0032305 -.0051578
T  651  9 .6109843E+08   3601150E+02  .7338E+06  .8146E+06   .9999882  .0024747  .0041905
T  652  9 .6141309E+08   3601150E+02 -.8722E+06  .4998E+06   .9999941 -.0031868 -.0012927
T  653  9 .6126005E+08   3601150E+02  .2535E+07 -.4182E+06   .9999736  .0072279  .0007041
T  654  9 .6119279E+08   3601150E+02  .1053E+07 -.1843E+06   .9999931  .0034772 -.0013365
T  655  9 .6141005E+08   3601150E+02  .1178E+06 -.3523E+05   .9999948  .0011520 -.0030061
T  656  9 .6113225E+08   3601150E+02  .2972E+07 -.2551E+07   .9998480  .0120471 -.0126009
T  657  9 .6135530E+08   3601150E+02 -.1633E+07 -.1933E+07   .9999809 -.0040329 -.0046807
T  658  9 .6111854E+08   3601150E+02 -.1236E+07 -.4045E+06   .9999867 -.0045602 -.0024069
T  659  9 .6115245E+08   3601150E+02  .8368E+05  .5300E+06   .9999973 -.0007958  .0021815
T  660  9 .6127951E+08   3601150E+02  .3750E+06  .2044E+07   .9999794  .0016972  .0061846
T  661  9 .6139090E+08   3601150E+02  .1619E+06 -.2732E+06   .9999971  .0023427 -.0005937
T  662  9 .6125112E+08   3601150E+02  .1066E+08 -.4650E+06   .9995710  .0291435 -.0029205
T  663  9 .6116199E+08   3601150E+02  .2404E+06 -.3082E+06   .9999984  .0005362 -.0016849
T  664  9 .6113961E+08   3601150E+02  .2369E+07 -.1098E+07   .9999494  .0099451 -.0015011
T  665  9 .6117321E+08   3601150E+02  .7500E+06 -.7085E+06   .9999993  .0010335 -.0004828
T  666  9 .6140183E+08   3601150E+02  .7448E+06  .1511E+07   .9999839  .0028306  .0049167
T  667  9 .6124872E+08   3601150E+02 -.1474E+07  .1207E+07   .9999787 -.0051824  .0039725
T  668  9 .6131107E+08   3601150E+02  .1800E+07  .5813E+06   .9999830  .0056098 -.0016006
T  669  9 .6150327E+08   3601150E+02 -.3688E+07 -.2524E+07   .9999521 -.0097663 -.0006463
T  670  9 .6163012E+08   3601150E+02 -.3074E+06 -.1416E+07   .9999831 -.0032298 -.0048388
T  671  9 .6111986E+08   3601150E+02  .1079E+07 -.2315E+07   .9999827  .0039356 -.0043702
T  672  9 .6135964E+08   3601150E+02 -.9465E+06 -.1784E+07   .9999802 -.0018897 -.0059949
T  673  9 .6134935E+08   3601150E+02  .2386E+06  .2077E+07   .9999846  .0007596  .0054901
T  674  9 .6091034E+08   3601150E+02 -.1575E+06  .3235E+06   .9999954  .0005483  .0029794
T  675  9 .6084641E+08   3601150E+02  .1559E+07 -.8928E+06   .9999927  .0027308 -.0026663
T  676  9 .6136538E+08   3601150E+02  .6569E+05  .3768E+06   .9999974 -.0009705  .0020613
T  677  9 .6105249E+08   3601150E+02  .1649E+06  .9678E+06   .9999960  .0017293  .0022212
T  678  9 .6093194E+08   3601150E+02  .9454E+06  .1067E+07   .9999898  .0039337  .0022149
T  679  9 .6126741E+08   3601150E+02  .1125E+06 -.1319E+07   .9999912  .0007950 -.0041105
T  680  9 .6111725E+08   3601150E+02  .2248E+06  .3062E+06   .9999985  .0017379  .0001509
T  681  9 .6104726E+08   3601150E+02 -.1792E+05 -.1620E+07   .9999818  .0005000 -.0060072
T  682  9 .6112825E+08   3601150E+02  .1487E+07  .9991E+06   .9999849  .0035578  .0041969
T  683  9 .6137182E+08   3601150E+02 -.3564E+06  .4827E+06   .9999998  .0003604  .0005114
T  684  9 .6128284E+08   3601150E+02 -.2263E+06  .1256E+07   .9999920 -.0010822  .0038506
T  685  9 .6145908E+08   3601150E+02 -.4729E+05  .1089E+07   .9999952 -.0009960  .0029486
T  686  9 .6121539E+08   3601150E+02  .6574E+06 -.5543E+06   .9999876  .0048215  .0012128
T  687  9 .6135691E+08   3601150E+02 -.3330E+06  .3493E+06   .9999994 -.0003877  .0010045
T  688  9 .6126305E+08   3601150E+02  .5649E+06  .5863E+06   .9999879 -.0012107  .0047658
T  689  9 .6143061E+08   3601150E+02  .8102E+06 -.9484E+06   .9999953  .0023972 -.0019317
T  690  9 .6125093E+08   3601150E+02  .6142E+06  .4455E+06   .9999926  .0030902  .0022840
T  691  9 .6127033E+08   3601150E+02 -.1057E+07  .2162E+07   .9999640 -.0061943  .0058035
T  692  9 .6133961E+08   3601150E+02 -.1090E+07  .2553E+07   .9998757 -.0067630  .0142424
T  693  9 .6123129E+08   3601150E+02  .4914E+06 -.2057E+06   .9999997  .0007259 -.0003401
T  694  9 .6139720E+08   3601150E+02  .6362E+06  .2043E+07   .9999405  .0052964  .0095352
T  695  9 .6127563E+08   3601150E+02 -.2677E+07 -.1261E+07   .9999484 -.0091324 -.0044595
T  696  9 .6109496E+08   3601150E+02  .1642E+07  .1492E+07   .9999821  .0056202  .0020576
T  697  9 .6116899E+08   3601150E+02  .1751E+06  .9482E+06   .9999919  .0016305  .0036693
T  698  9 .6136450E+08   3601150E+02  .7132E+06  .4874E+06   .9999971  .0010601  .0021484
T  699  9 .6126811E+08   3601150E+02  .4097E+06  .2248E+07   .9999956  .0001282 -.0029653
T  700  9 .6109164E+08   3601150E+02 -.8457E+05  .4356E+06   .9999965  .0007559  .0025341
T  701  9 .6121041E+08   3601150E+02  .8319E+06  .9479E+06   .9999824  .0055026  .0022259
T  702  9 .6111202E+08   3601150E+02  .7791E+06 -.2025E+07   .9999825  .0015346 -.0057110
T  703  9 .6138162E+08   3601150E+02 -.7788E+06  .2578E+06   .9999905 -.0033173  .0028279
T  704  9 .6141288E+08   3601150E+02  .7109E+06  .1886E+06   .9999994 -.0001381 -.0010758
T  705  9 .6117772E+08   3601150E+02 -.1811E+07  .8441E+06   .9999856 -.0050214  .0019175
T  706  9 .6117843E+08   3601150E+02 -.3278E+06 -.1630E+07   .9999959 -.0018145 -.0021934
T  707  9 .6122380E+08   3601150E+02 -.9291E+06  .3462E+06   .9999993 -.0007598  .0009459
T  708  9 .6127916E+08   3601150E+02  .1060E+07 -.1238E+07   .9999928  .0032742 -.0019140
T  709  9 .6125306E+08   3601150E+02  .2302E+06  .7483E+06   .9999866 -.0020552  .0047444
T  710  9 .6109058E+08   3601150E+02  .6229E+06 -.2424E+06   .9999875  .0049839  .0002682
T  711  9 .6111391E+08   3601150E+02 -.4056E+07 -.4081E+07   .9998975 -.0108225 -.0093702
T  712  9 .6143152E+08   3601150E+02  .5132E+06  .1697E+06   .9999992  .0010102  .0007327
T  713  9 .6118636E+08   3601150E+02  .5619E+06  .1297E+07   .9999924  .0010344  .0037623
T  714  9 .6127288E+08   3601150E+02 -.7480E+05  .1413E+07   .9999728 -.0008221  .0073333
T  715  9 .6140202E+08   3601150E+02 -.4987E+06 -.1768E+07   .9999680 -.0037353 -.0070696
T  716  9 .6127345E+08   3601150E+02 -.3028E+07  .2946E+07   .9999036 -.0125882  .0058521
T  717  9 .6116972E+08   3601150E+02  .2021E+07  .6171E+06   .9999822  .0059353  .0005919
T  718  9 .6114080E+08   3601150E+02  .1892E+07 -.2236E+07   .9999713  .0050578 -.0056420
T  719  9 .6113013E+08   3601150E+02  .5045E+06  .8693E+06   .9999923  .0005820  .0038772
T  720  9 .6111125E+08   3601150E+02 -.3280E+07 -.6103E+06   .9999356 -.0113466  .0001075
T  721  9 .6130192E+08   3601150E+02  .1104E+07 -.5144E+06   .9999958  .0027018 -.0010410
T  722  9 .6130093E+08   3601150E+02  .2972E+07  .7233E+04   .9999503  .0099358  .0008768
T  723  9 .6134031E+08   3601150E+02 -.1753E+07 -.1395E+06   .9999927 -.0028204 -.0025642
T  724  9 .6125707E+08   3601150E+02 -.1402E+07 -.1187E+07   .9999559 -.0039821 -.0085080
T  725  9 .6127276E+08   3601150E+02 -.7061E+07  .2007E+05   .9998143 -.0191405  .0022232
T  726  9 .6138893E+08   3601150E+02 -.5706E+06 -.5284E+06   .9999861 -.0040824 -.0033347
T  727  9 .6120577E+08   3601150E+02  .9463E+06 -.5782E+06   .9999963  .0026821 -.0004691
T  728  9 .6126746E+08   3601150E+02  .7281E+06  .4728E+06   .9999936  .0034072 -.0011224
T  729  9 .6117416E+08   3601150E+02 -.1989E+07  .2569E+07   .9999358 -.0073937  .0085887
T  730  9 .6112522E+08   3601150E+02  .5497E+06 -.1379E+07   .9999793  .0042811 -.0048034
T  731  9 .6116264E+08   3601150E+02  .6681E+06 -.3990E+06   .9999990  .0014089 -.0000890
T  732  9 .6136172E+08   3601150E+02 -.4192E+06  .1225E+07   .9999955 -.0004693  .0029544
T  733  9 .6122644E+08   3601150E+02 -.2170E+07  .1447E+07   .9999722 -.0066861  .0033021
T  734  9 .6133316E+08   3601150E+02  .6322E+06 -.9980E+06   .9999981  .0015125 -.0012061
T  735  9 .6113483E+08   3601150E+02  .2359E+06 -.1830E+07   .9999730 -.0021061 -.0070354
T  736  9 .6127169E+08   3601150E+02  .4137E+06 -.1128E+07   .9999825  .0046151 -.0036947
T  737  9 .6135440E+08   3601150E+02 -.5625E+06  .2144E+07   .9999566 -.0028902  .0088585
T  738  9 .6117166E+08   3601150E+02 -.1321E+07  .1574E+06   .9999825 -.0058061 -.0011203
T  739  9 .6139729E+08   3601150E+02 -.4625E+06  .7677E+06   .9999974  .0007660  .0021672
T  740  9 .6145497E+08   3601150E+02 -.7678E+06  .1227E+07   .9999883 -.0042411  .0023323
T  741  9 .6091665E+08   3601150E+02 -.1013E+08 -.9226E+07   .9991837 -.0277136 -.0293935
T  742  9 .6117594E+08   3601150E+02  .1598E+07 -.2438E+07   .9999501  .0044808 -.0089307
T  743  9 .6120838E+08   3601150E+02  .4064E+06  .1084E+07   .9999925  .0009101  .0037632
T  744  9 .6129960E+08   3601150E+02 -.5951E+06 -.2177E+04   .9999987  .0013254  .0009155
T  745  9 .6135064E+08   3601150E+02  .6091E+06 -.6705E+06   .9999946  .0022568 -.0023893
T  746  9 .6109970E+08   3601150E+02  .9948E+06 -.1856E+07   .9999715  .0040814 -.0063506
T  747  9 .6116537E+08   3601150E+02  .2877E+06 -.1786E+07   .9999877  .0005257 -.0049318
T  748  9 .6105978E+08   3601150E+02 -.5010E+06  .2238E+06   .9999952 -.0028641  .0012173
T  749  9 .6112916E+08   3601150E+02  .1263E+06  .1417E+07   .9999934 -.0006660  .0035696
T  750  9 .6125181E+08   3601150E+02  .5488E+06 -.2616E+07   .9999807  .0005580 -.0061890
T  751  9 .6125893E+08   3601150E+02 -.1037E+07  .9997E+05   .9999819 -.0037082  .0047366
T  752  9 .6140243E+08   3601150E+02  .6178E+06  .1417E+07   .9999684  .0030031  .0073613
T  753  9 .6123880E+08   3601150E+02  .1005E+07 -.7504E+06   .9999976  .0009116 -.0019953
T  754  9 .6136322E+08   3601150E+02  .5235E+06 -.3099E+06   .9999671  .0055748 -.0058905
T  755  9 .6137957E+08   3601150E+02  .1815E+06  .1070E+07   .9999881  .0008797  .0047936
T  756  9 .6148708E+08   3601150E+02  .2289E+07  .1311E+07   .9999699  .0070071  .0033304
T  757  9 .6139466E+08   3601150E+02  .3558E+07 -.1910E+07   .9999249  .0117442 -.0035107
T  758  9 .6153909E+08   3601150E+02  .1165E+07  .5625E+06   .9999991  .0013027  .0002267
T  759  9 .6139683E+08   3601150E+02 -.1152E+07  .6388E+06   .9999986 -.0008785  .0014399
T  760  9 .6125716E+08   3601150E+02  .1050E+07 -.5488E+06   .9999866  .0036865 -.0036363
T  761  9 .6102449E+08   3601150E+02 -.5504E+06 -.1056E+07   .9999956 -.0023094 -.0018590
T  762  9 .6122963E+08   3601150E+02 -.8983E+06 -.1201E+07   .9999806 -.0014799 -.0060561
T  763  9 .6144848E+08   3601150E+02 -.1175E+07 -.1646E+05   .9999988 -.0012097  .0009366
T  764  9 .6129211E+08   3601150E+02 -.8655E+07 -.1021E+07   .9996618 -.0257044 -.0039555
T  765  9 .6117195E+08   3601150E+02  .1965E+07  .1203E+07   .9999593  .0080528  .0040778
T  766  9 .6124732E+08   3601150E+02  .1576E+07  .1079E+07   .9999605  .0046732  .0075636
T  767  9 .6152808E+08   3601150E+02  .1044E+07 -.2056E+05   .9999930  .0031320 -.0020484
T  768  9 .6131939E+08   3601150E+02 -.3857E+06 -.4749E+06   .9999988 -.0001903 -.0015292
T  769  9 .6125607E+08   3601150E+02  .1125E+07  .2378E+07   .9999565  .0034602  .0086583
T  770  9 .6109115E+08   3601150E+02 -.9461E+06 -.8300E+06   .9999946  .0000662 -.0032911
T  771  9 .6151729E+08   3601150E+02  .1529E+07 -.3512E+06   .9999880  .0041569 -.0025731
T  772  9 .6110758E+08   3601150E+02 -.1494E+06  .4442E+06   .9999874  .0040648  .0029317
T  773  9 .6138309E+08   3601150E+02  .2249E+06 -.1120E+07   .9999873  .0021371 -.0045706
T  774  9 .6134367E+08   3601150E+02 -.2124E+06 -.1698E+07   .9999889 -.0023968 -.0040609
T  775  9 .6133343E+08   3601150E+02 -.1766E+06 -.4105E+06   .9999967 -.0004488 -.0025113
T  776  9 .6127808E+08   3601150E+02  .8933E+06  .6588E+05   .9999958  .0028235 -.0005789
T  777  9 .6131216E+08   3601150E+02  .1155E+07 -.3031E+07   .9999517  .0043851 -.0087917
T  778  9 .6132574E+08   3601150E+02 -.2608E+07 -.9578E+06   .9999878 -.0049260  .0002851
T  779  9 .6141181E+08   3601150E+02 -.2582E+07 -.3361E+06   .9999549 -.0094299 -.0011296
T  780  9 .6120575E+08   3601150E+02  .9090E+06  .3753E+06   .9999970  .0020993  .0012868
T  781  9 .6127157E+08   3601150E+02 -.1913E+07  .6666E+06   .9999796 -.0063871 -.0002724
T  782  9 .6118660E+08   3601150E+02  .4225E+06  .9103E+05   .9999993  .0011391  .0002981
T  783  9 .6108193E+08   3601150E+02 -.1353E+07 -.1926E+07   .9999853 -.0021299 -.0049960
T  784  9 .6123388E+08   3601150E+02  .1358E+06 -.7684E+06   .9999983 -.0008049 -.0016756
T  785  9 .6136669E+08   3601150E+02 -.4136E+06  .1441E+07   .9999914 -.0007071  .0040876
T  786  9 .6147121E+08   3601150E+02 -.7302E+06 -.1668E+07   .9999708 -.0055432 -.0052547
T  787  9 .6115611E+08   3601150E+02  .2172E+07 -.3460E+07   .9999234  .0077012 -.0096868
T  788  9 .6141018E+08   3601150E+02  .1043E+07  .1394E+07   .9999723  .0054359  .0050811
T  789  9 .6144830E+08   3601150E+02 -.1053E+07  .5396E+06   .9999680 -.0068394  .0041587
T  790  9 .6132611E+08   3601150E+02  .1330E+07 -.4838E+06   .9999857  .0044225 -.0030207
T  791  9 .6128194E+08   3601150E+02  .3369E+06 -.6056E+06   .9999951 -.0026896 -.0015751
T  792  9 .6115236E+08   3601150E+02  .2829E+06 -.1430E+06   .9999994 -.0011012 -.0002669
T  793  9 .6136260E+08   3601150E+02  .7039E+06  .8581E+06   .9999942  .0014904  .0030787
T  794  9 .6130502E+08   3601150E+02  .2106E+07 -.2269E+07   .9999612  .0050780 -.0071914
T  795  9 .6141482E+08   3601150E+02 -.1434E+07 -.1813E+07   .9999858 -.0023112 -.0048010
T  796  9 .6094647E+08   3601150E+02  .2050E+07 -.6667E+03   .9999599  .0088130  .0015907
T  797  9 .6143367E+08   3601150E+02 -.7231E+06 -.1451E+07   .9999765 -.0031246 -.0060970
T  798  9 .6130377E+08   3601150E+02  .1375E+07 -.4670E+06   .9999840  .0056533 -.0000221
T  799  9 .6125716E+08   3601150E+02 -.2579E+07 -.1354E+07   .9999728 -.0060240 -.0042637
T  800  9 .6125529E+08   3601150E+02  .3860E+06 -.3383E+06   .9999939  .0018279 -.0029751
T  801  9 .6154016E+08   3601150E+02  .5821E+07 -.3864E+07   .9998187  .0160686 -.0102119
T  802  9 .6130621E+08   3601150E+02 -.2294E+07 -.1464E+05   .9999460 -.0097667 -.0035403
T  803  9 .6138243E+08   3601150E+02  .5300E+06  .7179E+06   .9999900  .0008825  .0043932
T  804  9 .6126053E+08   3601150E+02 -.6202E+07  .1201E+07   .9996227 -.0268693  .0057006
T  805  9 .6130043E+08   3601150E+02 -.3105E+07  .3374E+07   .9998910 -.0092103  .0115424
T  806  9 .6137727E+08   3601150E+02  .1555E+07 -.9165E+06   .9999414  .0105682  .0023458
T  807  9 .6129363E+08   3601150E+02 -.3746E+07  .1730E+07   .9999477 -.0092755  .0043197
T  808  9 .6121160E+08   3601150E+02 -.1318E+06 -.1463E+07   .9999919 -.0036785 -.0016114
T  809  9 .6115683E+08   3601150E+02  .1115E+06  .4492E+06   .9999978  .0004368  .0020512
T  810  9 .6132514E+08   3601150E+02  .1275E+07  .2348E+07   .9999353  .0036385  .0107744
T  811  9 .6126475E+08   3601150E+02 -.1115E+07  .3470E+06   .9999850  .0012833 -.0053204
T  812  9 .6112493E+08   3601150E+02  .2662E+06  .9626E+05   .9999973 -.0021138  .0009391
T  813  9 .6129835E+08   3601150E+02  .6467E+06  .9269E+06   .9999970  .0005001  .0023894
T  814  9 .6113901E+08   3601150E+02  .7109E+05 -.2150E+07   .9999779  .0010206 -.0065766
T  815  9 .6140719E+08   3601150E+02  .1631E+06 -.6439E+05   .9999989 -.0013042  .0007103
T  816  9 .6105353E+08   3601150E+02  .2391E+07 -.4664E+06   .9999931  .0024293 -.0028078
T  817  9 .6115765E+08   3601150E+02 -.1598E+07 -.1354E+07   .9999828 -.0039463 -.0043291
T  818  9 .6129500E+08   3601150E+02 -.6232E+06 -.2101E+06   .9999259  .0108982 -.0054159
T  819  9 .6137161E+08   3601150E+02  .1830E+07  .1002E+07   .9999804  .0054514  .0030652
T  820  9 .6116059E+08   3601150E+02  .7404E+06 -.3461E+07   .9999476 -.0005758 -.0102171
T  821  9 .6118075E+08   3601150E+02 -.4455E+06  .3460E+07   .9999196 -.0029602  .0123281
T  822  9 .6122097E+08   3601150E+02  .4414E+05  .2029E+07   .9999539 -.0022542  .0093314
T  823  9 .6120999E+08   3601150E+02  .1601E+07  .1179E+07   .9999903  .0022632  .0037885
T  824  9 .6107665E+08   3601150E+02  .6552E+06 -.3234E+05   .9999912  .0040347 -.0011838
T  825  9 .6107125E+08   3601150E+02 -.2930E+07 -.5346E+06   .9999544 -.0094608 -.0012922
T  826  9 .6129240E+08   3601150E+02  .2896E+07 -.3612E+06   .9999644  .0084402 -.0001239
T  827  9 .6135971E+08   3601150E+02  .8224E+06  .6268E+06   .9999970  .0021324  .0012129
T  828  9 .6129298E+08   3601150E+02  .7576E+06  .1195E+07   .9999991 -.0001149  .0013097
T  829  9 .6150887E+08   3601150E+02 -.1019E+07  .2824E+06   .9999948 -.0028913 -.0014472
T  830  9 .6127907E+08   3601150E+02 -.1034E+07 -.2676E+07   .9999705 -.0028580 -.0071328
T  831  9 .6118357E+08   3601150E+02  .8212E+06 -.1346E+07   .9999887  .0026055 -.0039811
T  832  9 .6124892E+08   3601150E+02 -.2589E+07 -.8567E+06   .9999670 -.0080817  .0007884
T  833  9 .6103817E+08   3601150E+02  .9049E+06 -.2525E+06   .9999897  .0035637  .0027968
T  834  9 .6139007E+08   3601150E+02 -.8620E+06  .7312E+06   .9999915 -.0018792  .0036797
T  835  9 .6114360E+08   3601150E+02 -.1071E+07  .3167E+07   .9999312 -.0054239  .0103972
T  836  9 .6153677E+08   3601150E+02 -.6435E+06  .1364E+07   .9999978 -.0005333  .0020312
T  837  9 .6127345E+08   3601150E+02 -.4742E+06 -.6842E+05   .9999999  .0002797  .0000157
T  838  9 .6113322E+08   3601150E+02  .3552E+06  .3727E+07   .9999356  .0006836  .0113286
T  839  9 .6111577E+08   3601150E+02 -.5994E+06  .5371E+06   .9999977 -.0017047  .0012969
T  840  9 .6150104E+08   3601150E+02 -.4645E+06 -.2838E+07   .9999597  .0009994 -.0089180
T  841  9 .6116543E+08   3601150E+02  .9158E+06  .8275E+05   .9999911  .0041284  .0008302
T  842  9 .6122655E+08   3601150E+02  .9021E+06  .1090E+07   .9999897  .0025467  .0037446
T  843  9 .6143998E+08   3601150E+02 -.1642E+07 -.3787E+06   .9999755 -.0069780  .0004754
T  844  9 .6152225E+08   3601150E+02 -.2814E+06  .5965E+06   .9999955  .0028757  .0008865
T  845  9 .6125826E+08   3601150E+02  .2978E+07  .1814E+07   .9999115  .0105769  .0080734
T  846  9 .6116819E+08   3601150E+02  .5349E+06  .6675E+05   .9999990  .0005133 -.0012806
T  847  9 .6124495E+08   3601150E+02  .2239E+06 -.2679E+06   .9999980  .0014257 -.0013774
T  848  9 .6117039E+08   3601150E+02  .2103E+06  .1067E+07   .9999927  .0015045  .0035205
T  849  9 .6127428E+08   3601150E+02  .9137E+06  .7277E+05   .9999926  .0037518 -.0008936
T  850  9 .6126896E+08   3601150E+02 -.1780E+07 -.4566E+06   .9999915 -.0036189  .0019892
T  851  9 .6129696E+08   3601150E+02 -.2017E+07 -.3338E+07   .9999319 -.0072355 -.0091582
T  852  9 .6134190E+08   3601150E+02  .6001E+06 -.1133E+07   .9999855  .0024122 -.0048193
T  853  9 .6106933E+08   3601150E+02  .1386E+07  .1949E+07   .9999666  .0062596  .0052502
T  854  9 .6137421E+08   3601150E+02  .1904E+07 -.8089E+06   .9999716  .0061283 -.0043856
T  855  9 .6135882E+08   3601150E+02 -.1105E+07  .6197E+06   .9999919 -.0038466  .0012011
T  856  9 .6117001E+08   3601150E+02 -.1198E+06 -.1477E+07   .9999937 -.0018442 -.0030410
T  857  9 .6126852E+08   3601150E+02 -.6745E+06 -.7989E+06   .9999881 -.0036236 -.0032649
T  858  9 .6122356E+08   3601150E+02  .6392E+06 -.3221E+07   .9999226  .0044496 -.0116184
T  859  9 .6119851E+08   3601150E+02 -.3037E+07  .3984E+07   .9998929 -.0091768  .0114029
T  860  9 .6163122E+08   3601150E+02  .1207E+06  .1011E+07   .9999896 -.0009062  .0044733
T  861  9 .6147404E+08   3601150E+02 -.1290E+07  .6674E+06   .9999976 -.0019241  .0010708
T  862  9 .6138941E+08   3601150E+02 -.8330E+06  .1355E+05   .9999980 -.0018575 -.0007250
T  863  9 .6122080E+08   3601150E+02  .1459E+05 -.1463E+07   .9999820 -.0020341 -.0056480
T  864  9 .6157881E+08   3601150E+02  .4548E+05  .2032E+07   .9999758 -.0023889  .0065331
T  865  9 .6135093E+08   3601150E+02  .7092E+06 -.1541E+07   .9999990  .0007294 -.0012119
T  866  9 .6137623E+08   3601150E+02 -.2563E+07  .3446E+06   .9999659 -.0082468 -.0003049
T  867  9 .6097386E+08   3601150E+02  .1153E+08 -.4053E+07   .9992857  .0362490 -.0106820
T  868  9 .6130413E+08   3601150E+02 -.2192E+06 -.3540E+06   .9999982 -.0003309 -.0018449
T  869  9 .6105191E+08   3601150E+02  .3431E+06  .1608E+07   .9999974 -.0005903  .0022174
T  870  9 .6120695E+08   3601150E+02 -.1000E+07  .2830E+06   .9999702  .0008362  .0076773
T  871  9 .6127267E+08   3601150E+02  .1551E+07  .1117E+07   .9999850  .0048557  .0025533
T  872  9 .6133495E+08   3601150E+02  .2770E+06  .2383E+07   .9999541  .0020853  .0093560
T  873  9 .6126152E+08   3601150E+02 -.7047E+06  .7372E+06   .9999957 -.0027767  .0009775
T  874  9 .6121584E+08   3601150E+02  .5993E+06 -.9396E+06   .9999850  .0048552 -.0025477
T  875  9 .6124485E+08   3601150E+02 -.2740E+07  .3431E+06   .9999840 -.0056644 -.0001162
T  876  9 .6130290E+08   3601150E+02  .1658E+07  .1193E+07   .9999807  .0046528  .0041205
T  877  9 .6126361E+08   3601150E+02 -.1417E+07 -.6820E+06   .9999828 -.0058537 -.0002082
T  878  9 .6143191E+08   3601150E+02 -.1048E+07  .5664E+06   .9999999  .0001745  .0003442
T  879  9 .6124095E+08   3601150E+02 -.1141E+07  .1783E+07   .9999812 -.0040871  .0045640
T  880  9 .6130843E+08   3601150E+02  .7908E+05 -.9066E+06   .9999873  .0045654 -.0021226
T  881  9 .6134102E+08   3601150E+02  .1598E+07  .9699E+06   .9999734  .0065343  .0032379
T  882  9 .6144662E+08   3601150E+02  .5119E+06  .9616E+06   .9999938  .0025857  .0023920
T  883  9 .6118384E+08   3601150E+02  .1122E+07 -.1762E+07   .9999628  .0078091 -.0036685
T  884  9 .6110204E+08   3601150E+02 -.7382E+06  .3359E+06   .9999784 -.0041252  .0051265
T  885  9 .6129505E+08   3601150E+02  .8694E+06  .4422E+06   .9999992 -.0010658  .0006438
T  886  9 .6132170E+08   3601150E+02  .3035E+05  .1950E+07   .9999889 -.0014161  .0044997
T  887  9 .5775608E+08   3601150E+02 -.4953E+08 -.4045E+08   .9701398 -.1869994 -.1544666
T  888  9 .6132837E+08   3601150E+02  .1939E+07 -.2373E+06   .9999450  .0099560 -.0032874
T  889  9 .6142627E+08   3601150E+02 -.1072E+07  .1802E+07   .9999702 -.0007774  .0076859
T  890  9 .6135573E+08   3601150E+02  .2447E+05  .5790E+06   .9999992 -.0000463  .0012524
T  891  9 .6148417E+08   3601150E+02  .1184E+07  .1288E+07   .9999894  .0012567  .0044194
T  892  9 .6131403E+08   3601150E+02  .9858E+06  .5815E+06   .9999906  .0025467  .0034975
T  893  9 .6113433E+08   3601150E+02 -.1489E+06 -.1519E+06   .9999986 -.0015492  .0006306
T  894  9 .6119668E+08   3601150E+02 -.2038E+06  .1644E+07   .9999766  .0013544  .0067065
T  895  9 .6122020E+08   3601150E+02  .8312E+06 -.1734E+06   .9999991  .0012158 -.0006094
T  896  9 .6134383E+08   3601150E+02 -.2538E+06 -.1364E+07   .9999911 -.0032284 -.0027187
T  897  9 .6109867E+08   3601150E+02 -.1005E+07  .1006E+07   .9999813 -.0050237  .0034853
T  898  9 .6132573E+08   3601150E+02 -.1876E+06  .2782E+03   .9999978 -.0020832 -.0002970
T  899  9 .6113815E+08   3601150E+02  .5032E+06 -.3486E+06   .9999979  .0019784 -.0004866
T  900  9 .6142748E+08   3601150E+02  .2334E+07 -.8764E+06   .9999650  .0078965 -.0027514
T  901  9 .6140328E+08   3601150E+02 -.4892E+06 -.2512E+07   .9999612 -.0042131 -.0077387
T  902  9 .6118597E+08   3601150E+02  .1944E+07 -.2839E+07   .9999368  .0061026 -.0094386
T  903  9 .6119619E+08   3601150E+02 -.6595E+06  .1285E+07   .9999962 -.0005208  .0026907
T  904  9 .6117029E+08   3601150E+02 -.2375E+07 -.1566E+07   .9999667 -.0055707 -.0059719
T  905  9 .6128891E+08   3601150E+02  .5836E+06  .3513E+06   .9999988  .0009641  .0012425
T  906  9 .6139512E+08   3601150E+02  .6061E+06  .1654E+06   .9999984  .0017604  .0004028
T  907  9 .6136331E+08   3601150E+02  .1424E+07 -.2592E+06   .9999912  .0041562  .0006134
T  908  9 .6138683E+08   3601150E+02 -.5833E+06  .1178E+07   .9999958 -.0003001  .0028893
T  909  9 .6124592E+08   3601150E+02  .2266E+07 -.4784E+06   .9999467  .0100431 -.0023819
T  910  9 .6115209E+08   3601150E+02  .1650E+07 -.3815E+07   .9999057  .0076208 -.0114223
T  911  9 .6124263E+08   3601150E+02 -.2724E+07 -.2730E+06   .9999504 -.0099633 -.0000694
T  912  9 .6135938E+08   3601150E+02  .4761E+06 -.6843E+06   .9999970  .0002651 -.0024187
T  913  9 .6138677E+08   3601150E+02 -.1176E+07  .2129E+07   .9999778 -.0048353  .0045846
T  914  9 .6146899E+08   3601150E+02  .2218E+07 -.5860E+06   .9999644  .0082791 -.0016022
T  915  9 .6117729E+08   3601150E+02 -.5428E+06 -.2635E+07   .9999345 -.0033737 -.0109355
T  916  9 .6132460E+08   3601150E+02 -.1657E+07 -.1229E+07   .9999826 -.0051174 -.0029433
T  917  9 .6126951E+08   3601150E+02  .5338E+06  .1787E+07   .9999915 -.0000470  .0041136
T  918  9 .6132283E+08   3601150E+02  .9534E+06  .1005E+07   .9999902  .0031779  .0030686
T  919  9 .6145018E+08   3601150E+02 -.5237E+07 -.2861E+07   .9997964 -.0175663 -.0099335
T  920  9 .6125421E+08   3601150E+02  .1457E+07 -.6616E+06   .9999932  .0025698 -.0026284
T  921  9 .6108207E+08   3601150E+02 -.9001E+06  .9985E+06   .9999980 -.0019160  .0006329
T  922  9 .6136548E+08   3601150E+02  .1581E+07 -.9285E+06   .9999646  .0074185 -.0039758
T  923  9 .6115558E+08   3601150E+02  .2203E+06  .1486E+07   .9999808  .0003016  .0061864
T  924  9 .6152092E+08   3601150E+02 -.3127E+07  .2804E+07   .9999201 -.0074060  .0102472
T  925  9 .6112147E+08   3601150E+02 -.7394E+06  .1440E+06   .9999982 -.0018448  .0004853
T  926  9 .6131503E+08   3601150E+02  .3106E+06  .1798E+06   .9999987 -.0015746  .0003402
T  927  9 .6117932E+08   3601150E+02  .5188E+06 -.1389E+07   .9999840  .0007264 -.0056023
T  928  9 .6118270E+08   3601150E+02 -.4968E+06  .2840E+06   .9999998 -.0006687 -.0002083
T  929  9 .6155119E+08   3601150E+02 -.6328E+06  .4236E+06   .9999920 -.0039956  .0000262
T  930  9 .6133575E+08   3601150E+02  .1105E+07 -.9005E+06   .9999886  .0045168 -.0015417
T  931  9 .6106989E+08   3601150E+02  .1376E+07  .2015E+07   .9999637  .0062954  .0057350
T  932  9 .6121677E+08   3601150E+02  .6123E+06  .2271E+07   .9999678  .0013310  .0079089
T  933  9 .6147542E+08   3601150E+02 -.1183E+07 -.9635E+06   .9999837 -.0053155 -.0020727
T  934  9 .6124214E+08   3601150E+02 -.6065E+07 -.1841E+07   .9998286 -.0177032 -.0054144
T  935  9 .6132671E+08   3601150E+02  .3941E+06  .2982E+06   .9999989  .0014632  .0000296
T  936  9 .6135590E+08   3601150E+02  .1551E+07  .1683E+07   .9999727  .0049650  .0054787
T  937  9 .6130703E+08   3601150E+02 -.3914E+06 -.1293E+07   .9999957 -.0009287 -.0027817
T  938  9 .6124711E+08   3601150E+02  .2828E+06  .2243E+07   .9999659  .0007993  .0082177
T  939  9 .6101384E+08   3601150E+02 -.1285E+07  .1229E+06   .9999937 -.0034551  .0008084
T  940  9 .6128192E+08   3601150E+02  .7293E+06 -.4564E+06   .9999895  .0037131 -.0026889
T  941  9 .6121592E+08   3601150E+02 -.5028E+06  .1171E+06   .9999944 -.0031522 -.0011395
T  942  9 .6127273E+08   3601150E+02 -.6096E+06 -.3441E+05   .9999976 -.0020748  .0006944
T  943  9 .6133089E+08   3601150E+02 -.2191E+07 -.4971E+06   .9999857 -.0051594 -.0014381
T  944  9 .6126815E+08   3601150E+02  .4739E+06 -.1730E+07   .9999887  .0006673 -.0047053
T  945  9 .6127612E+08   3601150E+02  .4286E+06 -.1585E+07   .9999953 -.0002468 -.0030583
T  946  9 .6099563E+08   3601150E+02 -.1076E+07  .1497E+07   .9999669 -.0075775  .0029497
T  947  9 .6117436E+08   3601150E+02 -.2003E+07  .9194E+06   .9999973 -.0008725  .0021606
T  948  9 .6139473E+08   3601150E+02 -.1530E+06 -.2954E+07   .9999411  .0017401 -.0107104
T  949  9 .6150632E+08   3601150E+02  .3862E+06  .5646E+06   .9999985  .0015000  .0008495
T  950  9 .6113536E+08   3601150E+02 -.1499E+07  .4055E+06   .9999902 -.0044169  .0001532
T  951  9 .6122347E+08   3601150E+02  .1744E+07 -.1092E+07   .9999752  .0059061 -.0038443
T  952  9 .6104343E+08   3601150E+02  .4720E+07  .5480E+06   .9999226  .0123770  .0012866
T  953  9 .6122568E+08   3601150E+02 -.1777E+07 -.2604E+07   .9999139 -.0103146 -.0081163
T  954  9 .6117194E+08   3601150E+02  .1718E+06 -.2774E+06   .9999990 -.0000881  .0013906
T  955  9 .6114551E+08   3601150E+02  .1484E+05  .1286E+07   .9999666  .0060293  .0055194
T  956  9 .6124409E+08   3601150E+02  .8374E+06 -.1307E+07   .9999711  .0042152 -.0063231
T  957  9 .6138139E+08   3601150E+02  .2503E+07  .1379E+07   .9999638  .0074830  .0040406
T  958  9 .6127956E+08   3601150E+02  .2633E+06 -.1664E+07   .9999764  .0028304 -.0062583
T  959  9 .6139297E+08   3601150E+02 -.1009E+07 -.1245E+07   .9999993 -.0009336 -.0006879
T  960  9 .6147824E+08   3601150E+02 -.2578E+07 -.9642E+06   .9999856 -.0044704 -.0029647
T  961  9 .6123722E+08   3601150E+02  .5456E+06  .1052E+07   .9999945  .0011752  .0031074
T  962  9 .6137580E+08   3601150E+02 -.1609E+07 -.3387E+07   .9999361 -.0035953 -.0107159
T  963  9 .6143081E+08   3601150E+02  .5565E+06 -.9304E+06   .9999966  .0025099 -.0006437
T  964  9 .6143363E+08   3601150E+02 -.2513E+07 -.7585E+06   .9999607 -.0086818 -.0017776
T  965  9 .6138775E+08   3601150E+02 -.8530E+05  .2333E+06   .9999874 -.0048584 -.0012401
T  966  9 .6139425E+08   3601150E+02 -.1332E+07  .1329E+07   .9999801 -.0043097  .0046033
T  967  9 .6131446E+08   3601150E+02  .5119E+07 -.2957E+07   .9997566  .0203929 -.0084180
T  968  9 .6117323E+08   3601150E+02 -.1414E+07 -.9987E+06   .9999814 -.0029567 -.0053303
T  969  9 .6136240E+08   3601150E+02 -.1005E+06 -.6739E+06   .9999993 -.0002332 -.0011585
T  970  9 .6117010E+08   3601150E+02  .8057E+06  .4280E+07   .9998944  .0021317  .0143751
T  971  9 .6139060E+08   3601150E+02  .4812E+06  .6938E+06   .9999806 -.0043244  .0044821
T  972  9 .6119638E+08   3601150E+02  .3062E+06  .4198E+05   .9999957  .0019614 -.0021589
T  973  9 .6127394E+08   3601150E+02  .1789E+06 -.1069E+07   .9999994  .0009769 -.0005119
T  974  9 .6143569E+08   3601150E+02 -.1400E+07 -.2393E+06   .9999938 -.0033427 -.0010875
T  975  9 .6127698E+08   3601150E+02 -.1233E+07  .2010E+07   .9999205 -.0082082  .0095674
T  976  9 .6140745E+08   3601150E+02 -.2090E+07 -.3086E+06   .9999739 -.0068100 -.0024034
T  977  9 .6123778E+08   3601150E+02  .1008E+06  .9420E+06   .9999874 -.0011711  .0048869
T  978  9 .6130021E+08   3601150E+02  .1817E+06  .5467E+06   .9999583 -.0008069  .0090965
T  979  9 .6141714E+08   3601150E+02  .1538E+07  .2188E+07   .9991576  .0180624  .0368476
T  980  9 .6127595E+08   3601150E+02  .1180E+07 -.1101E+07   .9999954  .0001552 -.0030328
T  981  9 .6130486E+08   3601150E+02  .5607E+07  .1305E+07   .9998422  .0170090  .0051338
T  982  9 .6116220E+08   3601150E+02  .1091E+07  .7823E+07   .9997920  .0037430  .0200491
T  983  9 .6118193E+08   3601150E+02  .1067E+07 -.9966E+05   .9999999  .0003452  .0001189
T  984  9 .6111616E+08   3601150E+02 -.6170E+06  .5917E+06   .9999968 -.0022994  .0010563
T  985  9 .6124402E+08   3601150E+02  .1086E+07 -.4650E+07   .9999390  .0035871 -.0104460
T  986  9 .6129537E+08   3601150E+02  .5666E+05  .7214E+06   .9999936 -.0034239  .0010552
T  987  9 .6137609E+08   3601150E+02 -.1545E+07  .8782E+06   .9999820 -.0045189  .0039594
T  988  9 .6160282E+08   3601150E+02 -.1268E+07 -.1016E+07   .9999963 -.0025624 -.0009573
T  989  9 .6158201E+08   3601150E+02 -.7824E+06  .1554E+06   .9999992 -.0012960 -.0000488
T  990  9 .6106103E+08   3601150E+02 -.9300E+05 -.6646E+06   .9999952  .0000855 -.0030878
T  991  9 .6136244E+08   3601150E+02  .4582E+06  .1215E+07   .9999939  .0013926  .0031883
T  992  9 .6103574E+08   3601150E+02  .1442E+07  .3100E+06   .9999987 -.0006766 -.0014632
T  993  9 .6136081E+08   3601150E+02  .1002E+07 -.1372E+07   .9999868  .0019429 -.0047626
T  994  9 .6130520E+08   3601150E+02  .4979E+06  .1780E+07   .9999832  .0020013  .0054372
T  995  9 .6144620E+08   3601150E+02  .1179E+07 -.1255E+0