============================== SRIM-2013.00 ==============================
==============================================================================
=================  TRANSMIT.txt : File of Transmitted Ions  ==================
=  This file tabulates the kinetics of ions or atoms leaving the target.     =
=  Column #1: S= Sputtered Atom, B= Backscattered Ion, T= Transmitted Ion.   =
=  Col.#2: Ion Number, Col.#3: Z of atom leaving, Col.#4: Atom energy (eV).  =
=  Col.#5-7: Last location:  X= Depth into target, Y,Z= Transverse axes.     =
=  Col.#8-10: Cosines of final trajectory.                                   =
= *** This data file is in the same format as TRIM.DAT (see manual for uses).=
====== TRIM Calc.=  F(76.5 MeV) ==> Mylar_IC+CF4_IC+Mylar_CF( 45.6 mm) =======
 Ion  Atom   Energy        Depth       Lateral-Position        Atom Direction      
 Numb Numb    (eV)          X(A)        Y(A)       Z(A)      Cos(X)  Cos(Y) Cos(Z) 
T   13  9 .4919360E+08   4561630E+02 -.3454E+06 -.8062E+05   .9999915 -.0041161 -.0001248
T   14  9 .5644298E+08   4561631E+02  .1266E+07 -.1121E+07   .9999998  .0002222 -.0006189
T   15  9 .5652760E+08   4561630E+02 -.4188E+06  .1517E+07   .9999647  .0015873  .0082473
T   16  9 .5648436E+08   4561631E+02  .6428E+06 -.3795E+06   .9999954  .0001091  .0030365
T   17  9 .5666664E+08   4561631E+02  .7476E+06  .1615E+06   .9999967  .0004455  .0025118
T   18  9 .5656823E+08   4561630E+02 -.6411E+06  .9007E+06   .9999999 -.0001855  .0002858
T   19  9 .5678331E+08   4561630E+02  .6583E+06 -.1713E+07   .9999742  .0071391  .0007857
T   20  9 .5667215E+08   4561631E+02 -.8685E+06 -.9351E+06   .9999860 -.0013661 -.0051173
T   21  9 .5677731E+08   4561630E+02 -.3216E+06 -.1001E+07   .9999957 -.0013954 -.0025651
T   22  9 .5644654E+08   4561630E+02 -.1255E+07 -.2213E+07   .9999847 -.0027748 -.0047865
T   23  9 .5663167E+08   4561631E+02 -.3221E+07  .6381E+06   .9999276 -.0114918  .0035727
T   24  9 .5637031E+08   4561630E+02 -.2147E+07  .1707E+07   .9999689 -.0065954  .0043252
T   25  9 .5667825E+08   4561630E+02 -.1010E+07 -.1724E+07   .9999898 -.0003981 -.0045076
T   26  9 .5652762E+08   4561630E+02  .1776E+07 -.7977E+06   .9999774  .0033177 -.0058428
T   27  9 .5640454E+08   4561631E+02  .7286E+06 -.1081E+07   .9999979 -.0003516 -.0020372
T   28  9 .5661297E+08   4561630E+02 -.1736E+07 -.4440E+07   .9999304 -.0051510 -.0106177
T   29  9 .5681349E+08   4561630E+02  .1243E+07 -.1273E+07   .9999597  .0060766 -.0066029
T   30  9 .5609557E+08   4561630E+02 -.2302E+07 -.1333E+07   .9999773 -.0064124 -.0020510
T   31  9 .5635488E+08   4561631E+02  .9484E+06 -.1444E+06   .9999890  .0046596 -.0005398
T   32  9 .5624637E+08   4561630E+02  .3503E+06  .1758E+06   .9999941 -.0027473  .0020420
T   33  9 .5630513E+08   4561630E+02  .7707E+07  .3004E+07   .9998327  .0174131  .0055976
T   34  9 .5651509E+08   4561630E+02 -.1518E+07 -.1970E+06   .9999977 -.0020479  .0006809
T   35  9 .5640508E+08   4561631E+02  .1262E+07  .5658E+06   .9999938  .0035103 -.0002750
T   36  9 .5658992E+08   4561631E+02 -.5369E+06 -.1819E+07   .9999902 -.0004007 -.0044029
T   37  9 .5647740E+08   4561630E+02  .3649E+06  .8263E+06   .9999910 -.0005250  .0042120
T   38  9 .5638452E+08   4561630E+02 -.5526E+06  .1081E+07   .9999865 -.0034259  .0039176
T   39  9 .5672075E+08   4561630E+02  .3781E+07  .2126E+07   .9999491  .0080268  .0061051
T   40  9 .5650113E+08   4561630E+02 -.1267E+07  .3537E+07   .9999741 -.0061641  .0037187
T   41  9 .5660735E+08   4561630E+02  .1395E+07  .7393E+06   .9999987  .0014500 -.0006648
T   42  9 .5643022E+08   4561631E+02  .4307E+06  .9121E+06   .9999847 -.0054895  .0006623
T   43  9 .5669384E+08   4561630E+02  .1786E+07  .8144E+06   .9999905  .0026553  .0034425
T   44  9 .5641215E+08   4561631E+02  .3926E+07 -.7317E+05   .9999444  .0104849  .0010833
T   45  9 .5686226E+08   4561630E+02  .1070E+06 -.2233E+07   .9999559  .0024720 -.0090584
T   46  9 .5673398E+08   4561630E+02 -.2309E+07  .8090E+06   .9999302 -.0117976 -.0006734
T   47  9 .5633329E+08   4561630E+02  .8776E+06  .1928E+07   .9999920  .0028262  .0028216
T   48  9 .5642331E+08   4561631E+02 -.1891E+07  .1947E+07   .9999735 -.0050182  .0052679
T   49  9 .5653581E+08   4561630E+02 -.6815E+06 -.6162E+06   .9999965 -.0026102  .0004032
T   50  9 .5667652E+08   4561630E+02 -.1537E+07  .1774E+07   .9999803 -.0052279  .0034668
T   51  9 .5643504E+08   4561630E+02  .1557E+07  .2453E+07   .9999687  .0047096  .0063572
T   52  9 .5653212E+08   4561630E+02  .1519E+07 -.1399E+07   .9999865  .0005396 -.0051624
T   53  9 .5646322E+08   4561630E+02  .2615E+07 -.1291E+07   .9999623  .0078296 -.0037444
T   54  9 .5658952E+08   4561630E+02 -.6245E+06  .1955E+05   .9999998  .0006806 -.0000755
T   55  9 .5647366E+08   4561630E+02  .4421E+06 -.1874E+07   .9999991 -.0004742 -.0012901
T   56  9 .5639555E+08   4561631E+02  .5037E+06  .2544E+07   .9999661  .0044984  .0068899
T   57  9 .5649006E+08   4561630E+02 -.1704E+07  .2936E+07   .9999617 -.0031821  .0081489
T   58  9 .5653869E+08   4561630E+02  .1707E+07 -.3063E+07   .9999811  .0039620 -.0047033
T   59  9 .5660600E+08   4561630E+02 -.2437E+06  .2731E+07   .9999556  .0043643  .0083496
T   60  9 .5655771E+08   4561630E+02 -.1219E+07  .1032E+07   .9999771 -.0047530 -.0048106
T   61  9 .5625289E+08   4561630E+02 -.1687E+07  .2278E+07   .9999846 -.0013711  .0053813
T   62  9 .5647926E+08   4561631E+02  .3932E+06 -.1990E+07   .9999746 -.0008306 -.0070736
T   63  9 .5672150E+08   4561630E+02 -.1805E+07  .2443E+07   .9999857 -.0038574  .0036937
T   64  9 .5659085E+08   4561631E+02 -.3510E+07  .1809E+07   .9999685 -.0072537  .0032068
T   65  9 .5664884E+08   4561630E+02 -.6953E+06 -.7529E+05   .9999988 -.0014872  .0004207
T   66  9 .5658254E+08   4561630E+02 -.3486E+07 -.5492E+06   .9999612 -.0084149  .0025925
T   67  9 .5642946E+08   4561630E+02 -.1890E+07 -.8489E+06   .9999945 -.0032947 -.0004671
T   68  9 .5668550E+08   4561631E+02  .2077E+07 -.1739E+07   .9999700  .0066509 -.0039737
T   69  9 .5660404E+08   4561630E+02  .1946E+07  .1830E+07   .9999538  .0066621  .0069285
T   70  9 .5660261E+08   4561631E+02 -.1440E+07 -.1774E+07   .9999691 -.0022606 -.0075311
T   71  9 .5649992E+08   4561631E+02 -.3501E+07 -.1974E+07   .9999458 -.0100247 -.0028042
T   72  9 .5649298E+08   4561630E+02  .6190E+06 -.2055E+07   .9999744  .0047297 -.0053646
T   73  9 .5653688E+08   4561631E+02  .1242E+07 -.4974E+05   .9999996  .0006538  .0005554
T   74  9 .5651026E+08   4561631E+02  .1247E+06 -.1905E+07   .9999578  .0018903 -.0089856
T   75  9 .5628088E+08   4561630E+02  .1875E+07  .1349E+07   .9999781  .0031195  .0058307
T   76  9 .5633748E+08   4561630E+02 -.1094E+07  .2725E+06   .9999907 -.0040169 -.0015991
T   77  9 .5648505E+08   4561630E+02 -.4031E+06  .6938E+06   .9999966 -.0018318  .0018630
T   78  9 .5640992E+08   4561631E+02  .2069E+07 -.1216E+07   .9999872  .0021480 -.0045861
T   79  9 .5642447E+08   4561630E+02  .1477E+07  .1297E+07   .9999974  .0020938  .0009408
T   80  9 .5658524E+08   4561630E+02  .2018E+06 -.3402E+07   .9999705  .0007889 -.0076387
T   81  9 .5655394E+08   4561630E+02  .2695E+07 -.1486E+07   .9999838  .0054599 -.0015974
T   82  9 .5663542E+08   4561631E+02 -.3716E+07  .1940E+07   .9999754 -.0053510  .0045433
T   83  9 .5660917E+08   4561630E+02 -.1153E+07 -.1590E+07   .9998927 -.0140251 -.0042225
T   84  9 .5668603E+08   4561630E+02  .5429E+06 -.2130E+07   .9999878  .0011333 -.0048051
T   85  9 .5647603E+08   4561630E+02 -.4951E+06  .2783E+07   .9999815 -.0010750  .0059888
T   86  9 .5667059E+08   4561630E+02 -.5455E+06 -.3714E+06   .9999980 -.0018898 -.0005855
T   87  9 .5689016E+08   4561630E+02  .9508E+06 -.1462E+07   .9999943  .0033627 -.0003804
T   88  9 .5668543E+08   4561630E+02 -.2181E+07  .1180E+07   .9999686 -.0066550  .0043080
T   89  9 .5640257E+08   4561630E+02  .1069E+07 -.1019E+07   .9999780  .0065188 -.0011907
T   90  9 .5642964E+08   4561631E+02  .7495E+05 -.2671E+05   .9999885  .0044796  .0016836
T   91  9 .5670178E+08   4561631E+02  .7487E+06  .1777E+06   .9999864  .0040788 -.0032375
T   92  9 .5637969E+08   4561630E+02  .1679E+07 -.4179E+07   .9999549 -.0002982 -.0094901
T   93  9 .5639044E+08   4561630E+02 -.6556E+06 -.6651E+06   .9999915 -.0020653 -.0035685
T   94  9 .5653379E+08   4561631E+02  .2122E+07 -.5174E+07   .9998554  .0032565 -.0166912
T   95  9 .5658671E+08   4561631E+02 -.2948E+07  .1791E+07   .9999194 -.0104562  .0071954
T   96  9 .5653965E+08   4561630E+02  .9805E+06 -.1212E+07   .9999277  .0009260 -.0119924
T   97  9 .5670285E+08   4561631E+02  .2465E+07  .4282E+06   .9999802  .0062459  .0008130
T   98  9 .5654035E+08   4561630E+02 -.1425E+07 -.3487E+06   .9999828 -.0045685 -.0036708
T   99  9 .5625692E+08   4561630E+02 -.1728E+07 -.2304E+07   .9999956 -.0021365 -.0020394
T  100  9 .5652382E+08   4561631E+02 -.1697E+07 -.1291E+06   .9999947 -.0032468 -.0003313
T  101  9 .5639119E+08   4561630E+02  .2082E+05 -.2466E+06   .9999999  .0003829  .0000736
T  102  9 .5658273E+08   4561630E+02  .4775E+06  .1406E+07   .9999918  .0018328  .0036170
T  103  9 .5655425E+08   4561631E+02  .5958E+06  .1970E+07   .9999961  .0017643  .0021562
T  104  9 .5635403E+08   4561631E+02  .1376E+07 -.1081E+07   .9999964  .0006398  .0026002
T  105  9 .5646655E+08   4561630E+02  .2325E+06 -.5993E+07   .9998268  .0009092 -.0185863
T  106  9 .5655734E+08   4561630E+02 -.2492E+07 -.6812E+06   .9999157 -.0116523 -.0057211
T  107  9 .5657974E+08   4561631E+02  .2564E+07  .5368E+06   .9999829  .0041249  .0041346
T  108  9 .5655613E+08   4561630E+02 -.2424E+07  .9351E+06   .9999844 -.0053486  .0015994
T  109  9 .5645512E+08   4561630E+02  .7173E+06  .5716E+04   .9999923  .0021174 -.0033127
T  110  9 .5634791E+08   4561630E+02  .1374E+07 -.1521E+04   .9999916  .0040655  .0005186
T  111  9 .5651831E+08   4561631E+02 -.6328E+06  .2043E+07   .9999882 -.0004310  .0048422
T  112  9 .5630285E+08   4561631E+02 -.3802E+06 -.3913E+06   .9999924 -.0027119 -.0027911
T  113  9 .5678564E+08   4561631E+02  .1825E+07 -.2333E+07   .9999505  .0035698 -.0092860
T  114  9 .5629100E+08   4561630E+02  .2303E+07  .6336E+06   .9998934  .0146007  .0000947
T  115  9 .5653195E+08   4561630E+02 -.6862E+06  .8118E+06   .9999982 -.0017087  .0007928
T  116  9 .5650155E+08   4561631E+02 -.1251E+07  .1361E+07   .9999420  .0037191  .0101036
T  117  9 .5631589E+08   4561631E+02 -.2587E+07 -.2241E+07   .9999566 -.0060448 -.0070959
T  118  9 .5648270E+08   4561631E+02 -.3675E+07  .2462E+06   .9999587 -.0088508  .0020692
T  119  9 .5654731E+08   4561630E+02  .3320E+06 -.1931E+07   .9999925  .0037527 -.0010080
T  120  9 .5665726E+08   4561631E+02 -.2519E+07  .4090E+05   .9999605 -.0082387 -.0033289
T  121  9 .5648865E+08   4561630E+02  .2445E+06 -.1494E+07   .9999967 -.0011495 -.0023056
T  122  9 .5646295E+08   4561631E+02  .6745E+06  .2500E+06   .9999837  .0041405  .0039254
T  123  9 .5643385E+08   4561631E+02 -.1870E+07  .5130E+06   .9999514 -.0092191 -.0034858
T  124  9 .5650256E+08   4561630E+02  .6509E+06  .7456E+06   .9999996 -.0008461  .0003639
T  125  9 .5678057E+08   4561630E+02 -.1575E+07 -.1428E+07   .9999918 -.0039299 -.0009361
T  126  9 .5632519E+08   4561630E+02 -.1007E+07 -.2151E+07   .9999471 -.0037388 -.0095819
T  127  9 .5652084E+08   4561630E+02 -.1915E+07 -.2463E+07   .9999756 -.0040645 -.0056793
T  128  9 .5645297E+08   4561630E+02  .1467E+07  .3659E+06   .9999875  .0047294  .0016223
T  129  9 .5636298E+08   4561630E+02  .2555E+06 -.9225E+06   .9999998 -.0005505  .0000453
T  130  9 .5660084E+08   4561630E+02 -.1249E+07  .3283E+05   .9999916 -.0040729 -.0005453
T  131  9 .5657292E+08   4561630E+02 -.3436E+07 -.3849E+07   .9999244 -.0086752 -.0087130
T  132  9 .5653012E+08   4561630E+02  .6795E+06 -.4233E+06   .9999899  .0044330  .0007984
T  133  9 .5665430E+08   4561630E+02 -.7937E+05 -.5926E+06   .9999933 -.0030519 -.0020228
T  134  9 .5624154E+08   4561630E+02 -.3566E+07  .1486E+07   .9999303 -.0100119  .0062533
T  135  9 .5663547E+08   4561630E+02 -.1601E+07 -.1360E+07   .9999505 -.0098793 -.0012231
T  136  9 .5618421E+08   4561631E+02  .2900E+07  .1129E+08   .9997679  .0075226  .0201900
T  137  9 .5675313E+08   4561631E+02  .1253E+06 -.3244E+07   .9999340 -.0033470 -.0109912
T  138  9 .5636907E+08   4561630E+02  .6870E+06 -.1303E+07   .9999826  .0058337 -.0009103
T  139  9 .5677466E+08   4561630E+02  .2320E+06 -.1142E+07   .9999122  .0029864 -.0129116
T  140  9 .5629693E+08   4561631E+02 -.9133E+06 -.4199E+07   .9999093 -.0013854 -.0133965
T  141  9 .5658241E+08   4561630E+02 -.4180E+06  .4402E+07   .9997980  .0035466  .0197848
T  142  9 .5650047E+08   4561630E+02  .3757E+07  .4511E+07   .9999063  .0107155  .0085131
T  143  9 .5631482E+08   4561630E+02  .8193E+06  .2671E+07   .9999817  .0011617  .0059421
T  144  9 .5653286E+08   4561631E+02  .7366E+06 -.3055E+06   .9999933  .0032018 -.0017616
T  145  9 .5663158E+08   4561630E+02  .3965E+06 -.1280E+07   .9999892 -.0003197 -.0046471
T  146  9 .5661022E+08   4561630E+02 -.3388E+06 -.9016E+06   .9999931  .0012815 -.0034936
T  147  9 .5632677E+08   4561630E+02 -.9446E+05  .6170E+07   .9996534 -.0010574  .0263042
T  148  9 .5676630E+08   4561630E+02  .1251E+07  .3522E+05   .9999944  .0033362  .0000314
T  149  9 .5664547E+08   4561631E+02 -.8969E+07  .1627E+07   .9997143 -.0236183  .0036714
T  150  9 .5612792E+08   4561630E+02 -.2994E+08  .1599E+08   .9971947 -.0679769  .0313356
T  151  9 .5678446E+08   4561630E+02 -.7979E+06  .6243E+06   .9999830 -.0047543  .0033661
T  152  9 .5644002E+08   4561630E+02  .7244E+06 -.4009E+07   .9999551 -.0001577 -.0094753
T  153  9 .5662635E+08   4561630E+02  .1152E+07 -.2360E+07   .9999777  .0039179 -.0054052
T  154  9 .5639469E+08   4561630E+02  .2295E+07  .1248E+07   .9999693  .0076980  .0014789
T  155  9 .5635733E+08   4561630E+02 -.1305E+07  .2981E+07   .9999669 -.0030153  .0075519
T  156  9 .5644867E+08   4561630E+02 -.1177E+07 -.1052E+07   .9999667 -.0060528 -.0054657
T  157  9 .5659250E+08   4561630E+02  .6475E+05 -.4089E+06   .9999991  .0004474  .0012821
T  158  9 .5625617E+08   4561630E+02  .2396E+06 -.4719E+06   .9999973 -.0019716  .0012336
T  159  9 .5655813E+08   4561630E+02 -.1632E+07  .2581E+06   .9999847 -.0039210  .0038995
T  160  9 .5655297E+08   4561630E+02  .1610E+07 -.5367E+06   .9999773  .0066620 -.0010114
T  161  9 .5665051E+08   4561630E+02  .3755E+06 -.1242E+07   .9999141  .0065849 -.0113306
T  162  9 .5652068E+08   4561630E+02 -.2366E+07  .5270E+06   .9999548 -.0087546  .0037014
T  163  9 .5618328E+08   4561630E+02  .7741E+07 -.7963E+07   .9997315  .0144897 -.0180845
T  164  9 .5638938E+08   4561631E+02 -.3933E+07 -.1677E+07   .9998313 -.0179219 -.0040179
T  165  9 .5620673E+08   4561631E+02 -.6018E+06 -.8148E+06   .9999955 -.0029142  .0007459
T  166  9 .5637801E+08   4561630E+02 -.7173E+06 -.3797E+07   .9999732 -.0008308 -.0072693
T  167  9 .5649558E+08   4561631E+02 -.1084E+07 -.2279E+07   .9999948 -.0010799 -.0030517
T  168  9 .5649431E+08   4561631E+02 -.2567E+06 -.1138E+07   .9999780  .0012654 -.0065182
T  169  9 .5636780E+08   4561630E+02 -.3121E+07  .1032E+07   .9999604 -.0084269  .0028436
T  170  9 .5625640E+08   4561631E+02  .3932E+06 -.2309E+06   .9999951  .0030368 -.0007565
T  171  9 .5654165E+08   4561630E+02 -.5758E+07 -.4857E+06   .9999079 -.0135103  .0013266
T  172  9 .5649517E+08   4561630E+02 -.1582E+07 -.2703E+07   .9999612 -.0023923 -.0084736
T  173  9 .5644605E+08   4561630E+02 -.1141E+07  .1032E+07   .9999843 -.0036884  .0042089
T  174  9 .5643550E+08   4561630E+02 -.2479E+06 -.3900E+07   .9999370  .0016374 -.0111024
T  175  9 .5640415E+08   4561631E+02  .1301E+07 -.1968E+07   .9999796  .0046660 -.0043734
T  176  9 .5654470E+08   4561631E+02 -.1514E+07  .2745E+07   .9999635 -.0045147  .0072548
T  177  9 .5657315E+08   4561630E+02  .6304E+06 -.2387E+07   .9999336 -.0021112 -.0113243
T  178  9 .5641688E+08   4561631E+02  .7565E+06  .7355E+07   .9998210 -.0015316  .0188589
T  179  9 .5658350E+08   4561631E+02  .7487E+06 -.4913E+06   .9999983  .0006770 -.0017079
T  180  9 .5670253E+08   4561631E+02 -.1358E+07 -.2173E+07   .9999782 -.0043784 -.0049441
T  181  9 .5658096E+08   4561631E+02 -.1191E+07  .2748E+07   .9999537 -.0062321  .0073330
T  182  9 .5625825E+08   4561630E+02  .2244E+07 -.1205E+07   .9999859  .0041447 -.0033277
T  183  9 .5654771E+08   4561630E+02 -.9248E+06 -.2595E+07   .9999815 -.0037098 -.0048205
T  184  9 .5649495E+08   4561630E+02  .6194E+06  .9333E+06   .9999998  .0005031  .0003249
T  185  9 .5630172E+08   4561631E+02 -.6314E+07 -.3164E+07   .9998482 -.0158815 -.0071665
T  186  9 .5643414E+08   4561630E+02 -.3138E+07  .4211E+06   .9999574 -.0092034  .0006821
T  187  9 .5645442E+08   4561630E+02 -.1763E+07 -.2098E+07   .9999191 -.0094000 -.0085710
T  188  9 .5629783E+08   4561630E+02 -.2578E+07 -.8624E+05   .9999865 -.0051857 -.0002182
T  189  9 .5644434E+08   4561630E+02 -.1777E+07  .8853E+06   .9999555 -.0089685  .0029212
T  190  9 .5645654E+08   4561630E+02  .2009E+07 -.1193E+06   .9999920  .0039393 -.0007070
T  191  9 .5657613E+08   4561630E+02  .8790E+06  .1755E+07   .9999780  .0048013  .0045713
T  192  9 .5665212E+08   4561630E+02 -.2363E+07 -.3060E+06   .9999843 -.0049199 -.0026683
T  193  9 .5621891E+08   4561630E+02  .1533E+07  .1413E+06   .9999869  .0041395 -.0030143
T  194  9 .5678835E+08   4561631E+02  .1007E+07  .1818E+06   .9999960  .0025834  .0011813
T  195  9 .5641308E+08   4561630E+02 -.2321E+06  .7998E+06   .9999994 -.0003484 -.0010750
T  196  9 .5641783E+08   4561630E+02  .2592E+07  .3447E+07   .9999127  .0089672  .0097001
T  197  9 .5640207E+08   4561631E+02  .8774E+06  .1147E+07   .9999942  .0021385  .0026622
T  198  9 .5623596E+08   4561631E+02  .7325E+06 -.2510E+07   .9999728  .0052439 -.0051788
T  199  9 .5635757E+08   4561630E+02  .9469E+06 -.6135E+06   .9999727  .0057197 -.0046840
T  200  9 .5665181E+08   4561630E+02  .5114E+06 -.5120E+06   .9999947  .0021675 -.0024348
T  201  9 .5639580E+08   4561630E+02 -.1992E+07  .1409E+07   .9999748 -.0040034  .0058696
T  202  9 .5638929E+08   4561631E+02 -.1986E+06 -.2905E+06   .9999832 -.0055610 -.0016434
T  203  9 .5637386E+08   4561631E+02 -.2394E+07  .1506E+06   .9999509 -.0098152 -.0013911
T  204  9 .5656660E+08   4561631E+02  .3046E+07  .5530E+06   .9999797  .0060920 -.0018609
T  205  9 .5645688E+08   4561631E+02  .5482E+06  .7594E+06   .9999877  .0030041  .0039468
T  206  9 .5628211E+08   4561630E+02 -.4519E+05  .1183E+07   .9999893 -.0028170  .0036827
T  207  9 .5657120E+08   4561631E+02 -.2956E+07  .1991E+06   .9999679 -.0078151  .0017828
T  208  9 .5654414E+08   4561630E+02 -.1123E+07 -.1844E+07   .9999386 -.0079348 -.0077294
T  209  9 .5643807E+08   4561630E+02  .1452E+07 -.1622E+07   .9999650  .0054048 -.0063831
T  210  9 .5643974E+08   4561630E+02 -.7885E+06 -.1110E+07   .9999782 -.0042564 -.0050506
T  211  9 .5642043E+08   4561630E+02 -.2347E+07 -.4277E+06   .9999755 -.0060068 -.0035821
T  212  9 .5645739E+08   4561631E+02 -.4864E+06  .1237E+07   .9999902  .0008778  .0043364
T  213  9 .5650760E+08   4561630E+02  .1149E+07  .1116E+07   .9999877  .0022214  .0044295
T  214  9 .5664805E+08   4561631E+02 -.1059E+07 -.2829E+07   .9999613 -.0036878 -.0079911
T  215  9 .5629390E+08   4561630E+02 -.3291E+07 -.1137E+07   .9999513 -.0088403 -.0043792
T  216  9 .5654728E+08   4561630E+02  .2123E+06 -.2938E+06   .9999999  .0002493  .0002628
T  217  9 .5655236E+08   4561630E+02 -.1225E+06  .4662E+06   .9999994 -.0007552  .0007554
T  218  9 .5667932E+08   4561631E+02  .1142E+06 -.2187E+07   .9999919  .0001759 -.0040240
T  219  9 .5630164E+08   4561630E+02  .1617E+07 -.1936E+07   .9999894  .0013263 -.0044086
T  220  9 .5682408E+08   4561631E+02 -.1669E+07  .2084E+07   .9999804 -.0010791  .0061615
T  221  9 .5662879E+08   4561631E+02  .9470E+06 -.1379E+07   .9999860  .0048892 -.0020086
T  222  9 .5634561E+08   4561630E+02  .1790E+07  .2775E+07   .9999784  .0039526  .0052467
T  223  9 .5636992E+08   4561630E+02 -.3458E+07 -.5666E+06   .9999818 -.0060249  .0000292
T  224  9 .5654772E+08   4561630E+02  .3274E+07  .1174E+05   .9999377  .0103669  .0041404
T  225  9 .5641257E+08   4561630E+02 -.4728E+06 -.1352E+07   .9999947 -.0002254 -.0032425
T  226  9 .5659047E+08   4561630E+02  .1163E+07  .5240E+06   .9999989  .0000497  .0014594
T  227  9 .5628066E+08   4561631E+02  .2395E+06  .8743E+06   .9999887  .0042084  .0021943
T  228  9 .5630458E+08   4561630E+02 -.8653E+06  .2024E+07   .9999542 -.0032479  .0090057
T  229  9 .5643668E+08   4561630E+02 -.1368E+07 -.8847E+05   .9999856  .0010827 -.0052480
T  230  9 .5660604E+08   4561631E+02 -.1031E+07  .7067E+06   .9999787 -.0049135  .0042883
T  231  9 .5666271E+08   4561631E+02  .4464E+07 -.3466E+07   .9998819  .0125372 -.0088850
T  232  9 .5652833E+08   4561630E+02  .2190E+06 -.6889E+06   .9999970 -.0019366 -.0015186
T  233  9 .5638913E+08   4561631E+02  .2775E+07 -.3432E+07   .9999391  .0088659 -.0065760
T  234  9 .5636981E+08   4561630E+02 -.4179E+07  .7069E+06   .9999371 -.0104469  .0040918
T  235  9 .5647146E+08   4561630E+02 -.9344E+06 -.1430E+07   .9999848 -.0040709 -.0037100
T  236  9 .5643230E+08   4561630E+02  .1261E+07  .2072E+07   .9999939 -.0000972  .0034828
T  237  9 .5651319E+08   4561630E+02 -.1116E+07  .1669E+07   .9999925 -.0016834  .0034766
T  238  9 .5663521E+08   4561630E+02  .2414E+07  .1059E+07   .9999765  .0061649  .0030042
T  239  9 .5637463E+08   4561631E+02 -.3050E+06  .3973E+06   .9999969  .0004495 -.0024328
T  240  9 .5655813E+08   4561631E+02  .1721E+07  .4310E+07   .9998743  .0064938  .0144623
T  241  9 .5647599E+08   4561630E+02 -.4606E+06 -.9751E+06   .9999919  .0009393 -.0039025
T  242  9 .5668826E+08   4561630E+02  .1194E+07  .1576E+07   .9999727  .0066900  .0031477
T  243  9 .5650069E+08   4561630E+02  .1613E+07 -.1207E+07   .9999969  .0015094 -.0019779
T  244  9 .5661572E+08   4561631E+02 -.3565E+06 -.4951E+06   .9999999 -.0000632  .0001641
T  245  9 .5643054E+08   4561631E+02 -.2867E+07  .1192E+07   .9999774 -.0066159  .0011857
T  246  9 .5655533E+08   4561631E+02 -.1108E+07  .8349E+06   .9999823 -.0044480  .0039412
T  247  9 .5620580E+08   4561631E+02  .1160E+07  .1771E+07   .9999679  .0075004  .0028015
T  248  9 .5654423E+08   4561630E+02  .2898E+07 -.2614E+07   .9999488  .0058024 -.0082849
T  249  9 .5638702E+08   4561630E+02  .6561E+05  .1291E+06   .9999980  .0003417 -.0019762
T  250  9 .5667905E+08   4561630E+02  .7377E+06  .8771E+05   .9999905  .0032888  .0028731
T  251  9 .5663939E+08   4561631E+02  .1202E+07  .9939E+06   .9999849  .0053337  .0013566
T  252  9 .5639112E+08   4561630E+02 -.4614E+07  .2797E+07   .9997319 -.0193872  .0126573
T  253  9 .5667464E+08   4561630E+02 -.3115E+07 -.6230E+06   .9999741 -.0071987 -.0001303
T  254  9 .5629517E+08   4561630E+02  .1125E+07 -.5411E+06   .9999959  .0026109  .0011879
T  255  9 .5663341E+08   4561630E+02  .5904E+05 -.2430E+07   .9999711  .0006484 -.0075747
T  256  9 .5642300E+08   4561630E+02  .4814E+06  .1964E+06   .9999904  .0043896 -.0001192
T  257  9 .5660879E+08   4561631E+02  .1076E+06  .7602E+06   .9999990  .0013786  .0003624
T  258  9 .5632228E+08   4561630E+02 -.2486E+07 -.5509E+06   .9999787 -.0064995 -.0006208
T  259  9 .5653691E+08   4561630E+02 -.3036E+06 -.1771E+07   .9999733 -.0035679 -.0063789
T  260  9 .5648670E+08   4561631E+02  .2985E+07 -.6764E+06   .9999653  .0071658 -.0042600
T  261  9 .5635571E+08   4561631E+02 -.1133E+07  .1301E+07   .9999886  .0005147  .0047523
T  262  9 .5655649E+08   4561630E+02 -.6896E+06  .1196E+07   .9999715 -.0021740  .0072291
T  263  9 .5619100E+08   4561630E+02  .5796E+07 -.3001E+07   .9999136  .0106207 -.0077426
T  264  9 .5648766E+08   4561630E+02 -.3363E+07  .7734E+06   .9999752 -.0065434  .0026038
T  265  9 .5652491E+08   4561630E+02  .1728E+07  .1950E+06   .9999984 -.0012887 -.0012162
T  266  9 .5663664E+08   4561630E+02 -.4137E+06  .2846E+06   .9999997 -.0004723 -.0006054
T  267  9 .5638606E+08   4561630E+02  .1167E+06 -.8213E+06   .9999875  .0013720 -.0048038
T  268  9 .5662548E+08   4561630E+02  .7000E+06 -.5502E+06   .9999989  .0007654 -.0012450
T  269  9 .5641545E+08   4561631E+02 -.2126E+07  .5226E+05   .9999859 -.0051816  .0011304
T  270  9 .5663763E+08   4561630E+02  .9314E+06  .1542E+07   .9999787  .0019970  .0062197
T  271  9 .5653582E+08   4561631E+02  .5560E+06  .3366E+07   .9999625 -.0006064  .0086355
T  272  9 .5671494E+08   4561630E+02 -.2171E+07 -.1117E+07   .9999737 -.0050735 -.0051842
T  273  9 .5644005E+08   4561630E+02  .8457E+06  .6006E+06   .9999897  .0040803  .0019880
T  274  9 .5672709E+08   4561631E+02 -.6431E+07 -.3150E+06   .9998703 -.0160430  .0014396
T  275  9 .5665143E+08   4561630E+02 -.5615E+06  .1427E+06   .9999932  .0007593  .0036126
T  276  9 .5626738E+08   4561631E+02 -.3122E+07 -.2129E+07   .9999654 -.0070212 -.0044596
T  277  9 .5658516E+08   4561630E+02 -.1102E+07 -.2405E+07   .9999872 -.0010702 -.0049444
T  278  9 .5653467E+08   4561630E+02 -.3432E+06  .1723E+07   .9999968 -.0009032  .0023474
T  279  9 .5648645E+08   4561630E+02 -.3546E+07 -.1950E+07   .9999255 -.0122022 -.0003808
T  280  9 .5665766E+08   4561630E+02  .4289E+06  .2107E+07   .9999819  .0004091  .0060108
T  281  9 .5663814E+08   4561631E+02  .5892E+06 -.7374E+06   .9999914  .0027616 -.0030827
T  282  9 .5672552E+08   4561630E+02  .5999E+06 -.5736E+06   .9999967  .0014843 -.0020997
T  283  9 .5620289E+08   4561630E+02  .1037E+06  .7562E+06   .9999976  .0015593  .0015198
T  284  9 .5640327E+08   4561631E+02  .4648E+07  .3356E+07   .9998810  .0139589  .0065648
T  285  9 .5629210E+08   4561630E+02 -.1763E+07  .1272E+06   .9999640 -.0084630  .0006577
T  286  9 .5689081E+08   4561630E+02 -.1970E+07 -.2992E+07   .9999487 -.0043209 -.0091664
T  287  9 .5664137E+08   4561630E+02  .7091E+06 -.4424E+06   .9999914  .0030174 -.0028591
T  288  9 .5663363E+08   4561630E+02  .8779E+06 -.5277E+06   .9999860  .0032221 -.0042075
T  289  9 .5635810E+08   4561630E+02  .9728E+06  .1378E+07   .9999979  .0006188  .0019751
T  290  9 .5636257E+08   4561630E+02 -.5820E+05 -.2484E+07   .9999737 -.0010535 -.0071727
T  291  9 .5653273E+08   4561630E+02  .2784E+06  .2572E+07   .9999928  .0022983  .0030345
T  292  9 .5648251E+08   4561630E+02 -.3014E+06  .2210E+07   .9999774 -.0014417  .0065678
T  293  9 .5654058E+08   4561630E+02 -.1564E+07 -.6377E+06   .9999695 -.0062719 -.0046618
T  294  9 .5666317E+08   4561630E+02  .1938E+07 -.2257E+07   .9999599  .0072525 -.0052476
T  295  9 .5639706E+08   4561630E+02 -.1115E+07  .3300E+06   .9999325 -.0011144  .0115673
T  296  9 .5658006E+08   4561631E+02  .1793E+07 -.7609E+06   .9999776  .0066640 -.0006416
T  297  9 .5660211E+08   4561630E+02  .8572E+06 -.3264E+06   .9999905  .0041710  .0012551
T  298  9 .5654442E+08   4561630E+02  .2329E+06 -.1198E+07   .9999942  .0015014 -.0030507
T  299  9 .5659592E+08   4561630E+02  .4897E+06 -.1191E+07   .9999905  .0020373 -.0038482
T  300  9 .5670321E+08   4561631E+02  .1303E+07 -.6796E+06   .9999893  .0042218 -.0018933
T  301  9 .5667172E+08   4561630E+02  .2005E+07 -.1461E+06   .9999820  .0048783  .0035010
T  302  9 .5649198E+08   4561631E+02  .1291E+07  .6016E+06   .9999918  .0039865 -.0007239
T  303  9 .5642894E+08   4561630E+02  .2655E+07  .4602E+06   .9999522  .0097144 -.0010715
T  304  9 .5647327E+08   4561630E+02 -.1195E+07 -.2059E+07   .9999847 -.0044544 -.0032825
T  305  9 .5629087E+08   4561631E+02  .4333E+07 -.1159E+07   .9999368  .0095523 -.0059331
T  306  9 .5665670E+08   4561630E+02  .1487E+07  .1380E+07   .9999855  .0026478  .0046988
T  307  9 .5672916E+08   4561630E+02 -.2548E+07  .5279E+06   .9999853 -.0050304  .0020374
T  308  9 .5614063E+08   4561630E+02 -.4314E+07  .9286E+06   .9999556 -.0092686  .0017276
T  309  9 .5672034E+08   4561630E+02  .9473E+06 -.9716E+06   .9999891  .0039011 -.0025747
T  310  9 .5659085E+08   4561630E+02 -.2164E+07  .3223E+07   .9999711 -.0044501  .0061687
T  311  9 .5628199E+08   4561630E+02  .1016E+07  .4000E+06   .9999947  .0031489 -.0007955
T  312  9 .5651187E+08   4561631E+02  .2624E+07 -.9023E+06   .9999730  .0067119 -.0029885
T  313  9 .5668863E+08   4561630E+02 -.4050E+07  .1939E+06   .9999082 -.0134140  .0019070
T  314  9 .5650531E+08   4561630E+02  .4467E+06 -.1463E+07   .9999812  .0028345 -.0054401
T  315  9 .5667755E+08   4561630E+02  .6758E+06 -.3632E+07   .9999260 -.0006039 -.0121539
T  316  9 .5647577E+08   4561631E+02 -.7766E+07 -.1656E+08   .9991929 -.0195625 -.0350836
T  317  9 .5653833E+08   4561630E+02  .3448E+07 -.7016E+05   .9999240  .0122601  .0012712
T  318  9 .5655820E+08   4561630E+02 -.1762E+07 -.7670E+06   .9999795 -.0063248 -.0010256
T  319  9 .5638616E+08   4561630E+02  .1895E+06  .8280E+06   .9999980  .0015956  .0011942
T  320  9 .5627684E+08   4561630E+02 -.2220E+07 -.1538E+07   .9999620 -.0077057 -.0040767
T  321  9 .5642152E+08   4561631E+02  .1913E+07 -.4201E+06   .9999785  .0052056 -.0039939
T  322  9 .5645172E+08   4561631E+02  .1192E+07  .6853E+05   .9999934 -.0004987  .0035949
T  323  9 .5641450E+08   4561630E+02  .4042E+05  .8708E+06   .9999936 -.0018765  .0030532
T  324  9 .5624157E+08   4561630E+02 -.2390E+07 -.1195E+07   .9999657 -.0082712 -.0005115
T  325  9 .5660599E+08   4561630E+02 -.6957E+06  .3749E+06   .9999950 -.0002165  .0031693
T  326  9 .5639931E+08   4561630E+02 -.1592E+07 -.3896E+07   .9999282 -.0060868 -.0103213
T  327  9 .5682226E+08   4561630E+02 -.4045E+06  .8443E+06   .9999986 -.0016441 -.0004085
T  328  9 .5655036E+08   4561630E+02 -.9528E+06  .1067E+07   .9999883 -.0047329 -.0009920
T  329  9 .5647127E+08   4561630E+02  .6047E+06  .3885E+06   .9999902  .0043965 -.0004251
T  330  9 .5632329E+08   4561631E+02 -.1713E+07  .1189E+07   .9999944 -.0025750  .0021155
T  331  9 .5657018E+08   4561631E+02  .1755E+07  .2069E+07   .9999353  .0109722  .0029963
T  332  9 .5659869E+08   4561631E+02  .1271E+07  .1398E+07   .9999722  .0069310  .0027346
T  333  9 .5654836E+08   4561630E+02 -.7045E+06 -.2893E+07   .9999671 -.0001927 -.0081075
T  334  9 .5663278E+08   4561630E+02 -.8577E+06 -.1391E+06   .9999906 -.0033476 -.0027734
T  335  9 .5651112E+08   4561631E+02 -.4057E+06  .5841E+07   .9996966 -.0105933  .0222351
T  336  9 .5653053E+08   4561630E+02 -.1288E+06  .5561E+06   .9999990 -.0009269  .0010687
T  337  9 .5652727E+08   4561630E+02 -.4748E+06  .1464E+07   .9999777  .0003063  .0066706
T  338  9 .5658744E+08   4561631E+02  .1164E+07 -.2461E+07   .9999751  .0042803 -.0056077
T  339  9 .5625495E+08   4561631E+02  .1806E+07  .1518E+07   .9999490  .0054384  .0085103
T  340  9 .5656348E+08   4561630E+02  .6229E+06 -.1462E+07   .9999792 -.0002098 -.0064486
T  341  9 .5630391E+08   4561630E+02 -.1205E+07  .2241E+07   .9999861 -.0028854  .0044233
T  342  9 .5673945E+08   4561630E+02 -.1065E+05  .1821E+07   .9999982  .0014697  .0012270
T  343  9 .5637822E+08   4561630E+02  .1090E+07  .1808E+06   .9999883  .0047128 -.0010648
T  344  9 .5619079E+08   4561631E+02  .4309E+07  .3885E+07   .9984851  .0418794  .0356872
T  345  9 .5664357E+08   4561630E+02 -.3590E+06 -.1572E+07   .9999843 -.0006712 -.0055557
T  346  9 .5660226E+08   4561630E+02  .1758E+06 -.2108E+07   .9999881 -.0026401 -.0041026
T  347  9 .5662119E+08   4561631E+02 -.1710E+07 -.2950E+05   .9999714 -.0073729 -.0016901
T  348  9 .5643772E+08   4561630E+02 -.1416E+07  .2241E+07   .9999415 -.0068161  .0084015
T  349  9 .5641075E+08   4561630E+02  .2858E+06  .6241E+06   .9999734  .0056964 -.0045586
T  350  9 .5657955E+08   4561631E+02  .5418E+07 -.1829E+06   .9996105  .0279053  .0004168
T  351  9 .5656425E+08   4561630E+02  .3166E+07 -.8958E+07   .9997936  .0079411 -.0187000
T  352  9 .5651735E+08   4561631E+02  .9817E+06 -.1026E+06   .9999947  .0023243 -.0022641
T  353  9 .5624711E+08   4561630E+02 -.9162E+06 -.3642E+07   .9999056 -.0046182 -.0129397
T  354  9 .5679827E+08   4561631E+02 -.2012E+07  .7150E+06   .9999915 -.0024077  .0033558
T  355  9 .5678845E+08   4561630E+02 -.1258E+07  .3410E+07   .9999084 -.0074241  .0113154
T  356  9 .5641886E+08   4561631E+02 -.1941E+06  .2639E+05   .9999887 -.0047473  .0001581
T  357  9 .5644946E+08   4561630E+02  .1118E+07  .1414E+07   .9999873  .0010818  .0049179
T  358  9 .5651221E+08   4561630E+02  .4564E+07  .4592E+07   .9998596  .0110580  .0125929
T  359  9 .5657163E+08   4561631E+02 -.5492E+07  .1128E+07   .9998514 -.0171939  .0012748
T  360  9 .5678430E+08   4561631E+02 -.1411E+06 -.1632E+07   .9999935  .0000301 -.0036019
T  361  9 .5655485E+08   4561631E+02  .1038E+07 -.2645E+07   .9999398  .0062001 -.0090475
T  362  9 .5674112E+08   4561631E+02 -.1733E+07  .4541E+06   .9999875 -.0046622 -.0018326
T  363  9 .5648665E+08   4561631E+02  .1686E+07 -.1844E+07   .9999528  .0079884 -.0055241
T  364  9 .5638208E+08   4561631E+02  .7025E+06  .2757E+07   .9999634  .0009867  .0085007
T  365  9 .5647778E+08   4561630E+02 -.2286E+07  .1097E+07   .9999853 -.0045085  .0030259
T  366  9 .5665300E+08   4561631E+02  .2369E+06 -.3668E+07   .9999794 -.0019917 -.0061098
T  367  9 .5634466E+08   4561630E+02 -.5986E+06  .9362E+06   .9999722 -.0034642  .0066009
T  368  9 .5674874E+08   4561631E+02 -.1982E+07 -.7766E+06   .9999889 -.0018372 -.0043322
T  369  9 .5661395E+08   4561631E+02  .5502E+06  .3246E+07   .9999421 -.0001222  .0107597
T  370  9 .5643015E+08   4561630E+02  .1524E+07 -.1704E+07   .9999856  .0050302  .0018824
T  371  9 .5626918E+08   4561630E+02 -.3806E+07 -.3351E+07   .9999230 -.0097316 -.0076937
T  372  9 .5669023E+08   4561631E+02 -.1575E+07 -.3097E+06   .9999888 -.0047158  .0003763
T  373  9 .5661380E+08   4561630E+02  .2191E+07  .6501E+06   .9999519  .0093342  .0030232
T  374  9 .5636991E+08   4561630E+02  .3965E+06  .2296E+06   .9999993  .0011732  .0002947
T  375  9 .5643562E+08   4561631E+02  .1309E+07  .1598E+07   .9999837  .0021733  .0052870
T  376  9 .5653742E+08   4561631E+02 -.1065E+07 -.6842E+06   .9999943 -.0031644  .0012132
T  377  9 .5661336E+08   4561630E+02  .2865E+07  .1676E+07   .9999654  .0042666  .0071383
T  378  9 .5666487E+08   4561631E+02  .1933E+07 -.4904E+06   .9999969  .0023743  .0006837
T  379  9 .5655879E+08   4561630E+02 -.3616E+07  .1041E+07   .9998851 -.0142729  .0051064
T  380  9 .5651890E+08   4561630E+02 -.8980E+06 -.9967E+06   .9999906 -.0022732 -.0036962
T  381  9 .5637465E+08   4561630E+02 -.8372E+06 -.1634E+07   .9999799 -.0023484 -.0058959
T  382  9 .5643848E+08   4561630E+02  .2600E+06 -.3726E+06   .9999980  .0018252 -.0007879
T  383  9 .5671978E+08   4561630E+02 -.6441E+06 -.1554E+07   .9999746 -.0047865 -.0052780
T  384  9 .5631187E+08   4561630E+02 -.1336E+07 -.3421E+07   .9998167 -.0070325 -.0178061
T  385  9 .5644650E+08   4561631E+02  .5286E+06 -.1575E+07   .9999886  .0033125 -.0034379
T  386  9 .5652274E+08   4561630E+02 -.1353E+07  .7196E+06   .9999915 -.0039476  .0012197
T  387  9 .5684149E+08   4561631E+02 -.1605E+06  .1702E+07   .9999793  .0031807  .0056010
T  388  9 .5653862E+08   4561631E+02 -.4828E+06 -.1698E+07   .9999901 -.0004196 -.0044276
T  389  9 .5626969E+08   4561631E+02  .6369E+06  .3176E+06   .9999980  .0003537  .0019684
T  390  9 .5690908E+08   4561630E+02  .6871E+06 -.1364E+07   .9999989 -.0001566 -.0015038
T  391  9 .5630827E+08   4561631E+02  .7674E+06 -.1521E+06   .9999974  .0018180  .0013898
T  392  9 .5632545E+08   4561630E+02 -.9865E+06 -.1328E+07   .9999981 -.0006263 -.0018313
T  393  9 .5663217E+08   4561630E+02  .3794E+07 -.1118E+08   .9996990  .0086610 -.0229558
T  394  9 .5646676E+08   4561631E+02 -.1461E+07  .1316E+07   .9999970 -.0024695 -.0000394
T  395  9 .5571702E+08   4561630E+02 -.3029E+08  .1363E+08   .9972911 -.0669729  .0304164
T  396  9 .5666244E+08   4561630E+02  .9551E+06 -.7952E+06   .9999917 -.0006622 -.0040146
T  397  9 .5663526E+08   4561631E+02 -.2534E+07 -.1019E+05   .9999872 -.0049976  .0008064
T  398  9 .5649242E+08   4561630E+02 -.2674E+07 -.3056E+07   .9999314 -.0069906 -.0093971
T  399  9 .5685666E+08   4561630E+02  .6956E+06  .1182E+07   .9999979  .0014449  .0014416
T  400  9 .5651130E+08   4561630E+02  .1128E+07  .9086E+06   .9999889  .0025299  .0039828
T  401  9 .5637737E+08   4561630E+02 -.4551E+06 -.1265E+07   .9999779 -.0032432 -.0057955
T  402  9 .5642191E+08   4561631E+02 -.1220E+07  .1674E+07   .9999709 -.0059590  .0047688
T  403  9 .5635942E+08   4561630E+02 -.2335E+06  .1135E+07   .9999942 -.0014422  .0030829
T  404  9 .5679162E+08   4561630E+02  .1350E+07  .1277E+07   .9999965  .0017369  .0020133
T  405  9 .5654839E+08   4561631E+02  .2187E+07  .3526E+06   .9999787  .0063759  .0013762
T  406  9 .5637386E+08   4561630E+02 -.1514E+07  .2589E+06   .9999873 -.0047404 -.0016843
T  407  9 .5661821E+08   4561630E+02  .1069E+07  .1350E+07   .9999616  .0071534  .0050625
T  408  9 .5642410E+08   4561630E+02 -.1286E+07  .7398E+06   .9999722 -.0074607 -.0001651
T  409  9 .5640095E+08   4561630E+02 -.1278E+07 -.1230E+07   .9999883 -.0026017 -.0040871
T  410  9 .5636011E+08   4561630E+02  .6216E+06 -.1761E+07   .9999576  .0027298 -.0087993
T  411  9 .5645462E+08   4561630E+02  .7060E+06 -.5513E+07   .9997459  .0031379 -.0223222
T  412  9 .5629903E+08   4561630E+02 -.9324E+06  .2918E+06   .9999938 -.0032605 -.0012998
T  413  9 .5668454E+08   4561630E+02 -.2080E+07  .3624E+06   .9999998  .0006286  .0000578
T  414  9 .5659919E+08   4561630E+02  .1984E+07 -.3509E+07   .9999581  .0051572 -.0075624
T  415  9 .5675616E+08   4561630E+02  .4972E+06  .1216E+07   .9999921  .0006383  .0039220
T  416  9 .5661895E+08   4561630E+02 -.2830E+07  .2218E+07   .9999556 -.0070378  .0062697
T  417  9 .5628917E+08   4561630E+02  .4166E+06  .6785E+06   .9999854  .0023412  .0048683
T  418  9 .5643431E+08   4561630E+02  .5105E+06 -.7163E+06   .9999891  .0041951 -.0020673
T  419  9 .5662483E+08   4561630E+02  .7701E+06  .1808E+07   .9999951  .0001684  .0031417
T  420  9 .5662602E+08   4561630E+02  .4484E+07 -.1585E+07   .9999466  .0098803 -.0030324
T  421  9 .5628326E+08   4561630E+02 -.7139E+07 -.9121E+07   .9995616 -.0183353 -.0232462
T  422  9 .5657467E+08   4561630E+02 -.1488E+07  .2522E+06   .9999903 -.0043749 -.0005893
T  423  9 .5671043E+08   4561631E+02  .1359E+07 -.2474E+07   .9999629  .0075827 -.0040840
T  424  9 .5625740E+08   4561631E+02 -.1331E+07  .2370E+07   .9999587 -.0047568  .0077380
T  425  9 .5619831E+08   4561630E+02  .1089E+07  .8292E+06   .9999984  .0017388 -.0002852
T  426  9 .5667579E+08   4561631E+02 -.5007E+06  .1806E+07   .9999944 -.0032636  .0007543
T  427  9 .5667887E+08   4561631E+02  .8438E+06 -.1953E+07   .9999966  .0017084 -.0019608
T  428  9 .5649046E+08   4561630E+02 -.3287E+07  .1450E+07   .9999658 -.0079937  .0021045
T  429  9 .5648336E+08   4561630E+02 -.1609E+07 -.2370E+07   .9999966 -.0004100 -.0025794
T  430  9 .5651326E+08   4561630E+02 -.6603E+06  .3426E+07   .9999354  .0006390  .0113473
T  431  9 .5652777E+08   4561630E+02  .7819E+06 -.4373E+07   .9999279  .0027834 -.0116807
T  432  9 .5633624E+08   4561631E+02 -.1889E+07  .2198E+07   .9996680 -.0214218  .0143173
T  433  9 .5651568E+08   4561631E+02  .1179E+07 -.1243E+07   .9999922  .0020922 -.0033550
T  434  9 .5655066E+08   4561631E+02  .1255E+06  .9285E+05   .9999974 -.0022830 -.0001997
T  435  9 .5645662E+08   4561630E+02 -.8533E+06  .2376E+06   .9999636 -.0083479  .0017421
T  436  9 .5663683E+08   4561630E+02  .4881E+06 -.1833E+07   .9999649 -.0020320 -.0081235
T  437  9 .5650608E+08   4561630E+02  .1600E+07 -.1416E+07   .9999811  .0052331 -.0032419
T  438  9 .5649910E+08   4561630E+02 -.7793E+05 -.1163E+07   .9999977  .0010381 -.0018758
T  439  9 .5653392E+08   4561630E+02  .8058E+05 -.2008E+07   .9998323  .0047112 -.0176965
T  440  9 .5647320E+08   4561631E+02  .8311E+06 -.2238E+07   .9999858 -.0002786 -.0053173
T  441  9 .5650077E+08   4561631E+02  .1353E+07  .2533E+07   .9999730  .0044877  .0058114
T  442  9 .5649908E+08   4561630E+02 -.3677E+07 -.3481E+07   .9999616 -.0068671 -.0054532
T  443  9 .5660472E+08   4561630E+02 -.7426E+07 -.4062E+07   .9997308 -.0199405 -.0118640
T  444  9 .5639537E+08   4561630E+02 -.1490E+07 -.1211E+07   .9999058 -.0106096  .0087049
T  445  9 .5641046E+08   4561631E+02 -.4386E+07  .1027E+07   .9996031 -.0264764  .0096211
T  446  9 .5629822E+08   4561631E+02  .2046E+07  .2047E+07   .9999855  .0040340  .0035812
T  447  9 .5670426E+08   4561630E+02 -.5218E+06  .1602E+07   .9999992 -.0011095  .0006503
T  448  9 .5682355E+08   4561630E+02 -.2967E+07  .1147E+07   .9999943 -.0028908  .0017642
T  449  9 .5651736E+08   4561631E+02  .3686E+07 -.2932E+07   .9998097  .0152051 -.0122241
T  450  9 .5638399E+08   4561631E+02  .1288E+07 -.2179E+07   .9999800  .0030979 -.0055178
T  451  9 .5647822E+08   4561631E+02  .2629E+06 -.1043E+07   .9999938 -.0016015 -.0031485
T  452  9 .5627569E+08   4561630E+02  .2155E+06  .4926E+06   .9999973  .0011451  .0020147
T  453  9 .5703035E+08   4561630E+02 -.3389E+06 -.3136E+06   .9999973 -.0023100  .0001737
T  454  9 .5653165E+08   4561630E+02  .3550E+06  .9497E+06   .9999925  .0022066  .0031769
T  455  9 .5670981E+08   4561631E+02  .2114E+07 -.1209E+07   .9999847  .0021188  .0051011
T  456  9 .5641277E+08   4561630E+02 -.1239E+07  .1175E+07   .9999762 -.0025761  .0063978
T  457  9 .5676742E+08   4561630E+02 -.5257E+06  .5693E+06   .9999950 -.0022528 -.0022327
T  458  9 .5645567E+08   4561630E+02 -.7766E+06  .2569E+06   .9999948 -.0020041  .0025279
T  459  9 .5665888E+08   4561631E+02  .1752E+07 -.1435E+07   .9999912  .0022359 -.0035433
T  460  9 .5665424E+08   4561630E+02 -.1963E+06 -.4593E+07   .9999474  .0009209 -.0102200
T  461  9 .5641767E+08   4561630E+02  .7343E+06 -.3504E+06   .9999940  .0032710 -.0011556
T  462  9 .5651464E+08   4561631E+02  .2260E+07 -.2815E+07   .9999067  .0076160 -.0113378
T  463  9 .5646051E+08   4561630E+02 -.5553E+06 -.2358E+07   .9999941 -.0007407 -.0033674
T  464  9 .5643719E+08   4561630E+02  .2031E+07  .2262E+07   .9999928  .0030484  .0022718
T  465  9 .5644752E+08   4561630E+02 -.7069E+06  .7363E+06   .9999867  .0028365  .0043075
T  466  9 .5643392E+08   4561631E+02 -.1806E+07  .2040E+07   .9996030  .0119002  .0255395
T  467  9 .5644540E+08   4561630E+02 -.2052E+07  .2363E+07   .9999436 -.0079020  .0070946
T  468  9 .5643876E+08   4561630E+02 -.3293E+06 -.2369E+07   .9999915 -.0009944 -.0039991
T  469  9 .5667875E+08   4561630E+02 -.1617E+07  .6673E+05   .9999925 -.0036676 -.0012689
T  470  9 .5670658E+08   4561630E+02 -.1979E+07  .3468E+07   .9999272 -.0046975  .0111106
T  471  9 .5643847E+08   4561631E+02 -.1401E+07  .7332E+06   .9999588 -.0042739  .0080118
T  472  9 .5684870E+08   4561631E+02 -.2923E+07 -.3898E+07   .9998811 -.0090975 -.0124515
T  473  9 .5662839E+08   4561630E+02  .7071E+06 -.1792E+07   .9999438  .0014478 -.0104986
T  474  9 .5643457E+08   4561630E+02 -.6539E+06 -.1431E+07   .9999839 -.0020145 -.0053068
T  475  9 .5639049E+08   4561631E+02 -.1896E+07  .1163E+07   .9999840 -.0055482  .0010633
T  476  9 .5658749E+08   4561630E+02  .4289E+06 -.2866E+07   .9999605 -.0014223 -.0087757
T  477  9 .5649822E+08   4561631E+02  .5070E+07  .2105E+07   .9999481  .0091956  .0043806
T  478  9 .5686388E+08   4561631E+02 -.1244E+07 -.4380E+07   .9998997 -.0049321 -.0132731
T  479  9 .5642562E+08   4561630E+02 -.3905E+07 -.1478E+07   .9999819 -.0057129  .0019095
T  480  9 .5639907E+08   4561630E+02  .1954E+07  .2866E+07   .9999834  .0042634  .0038875
T  481  9 .5657378E+08   4561630E+02 -.3366E+07  .7720E+06   .9998967 -.0142863  .0015480
T  482  9 .5649578E+08   4561631E+02  .3535E+06 -.2658E+07   .9999609  .0001989 -.0088360
T  483  9 .5650465E+08   4561630E+02 -.1604E+07  .2121E+05   .9999917 -.0033439 -.0023442
T  484  9 .5659877E+08   4561631E+02  .1434E+07  .1184E+05   .9999917  .0036290 -.0018550
T  485  9 .5656941E+08   4561630E+02  .4313E+06  .1711E+06   .9999942  .0028419  .0018790
T  486  9 .5651164E+08   4561630E+02  .1314E+07 -.1295E+07   .9999711  .0068578 -.0032820
T  487  9 .5667810E+08   4561631E+02  .1681E+07  .3950E+06   .9999947  .0032314 -.0004035
T  488  9 .5671432E+08   4561631E+02 -.6147E+07  .1135E+07   .9999379 -.0090440  .0065094
T  489  9 .5662741E+08   4561630E+02 -.1046E+07  .2516E+06   .9999985 -.0016238  .0005937
T  490  9 .5660504E+08   4561630E+02 -.2063E+07 -.3495E+07   .9999591 -.0054975 -.0071790
T  491  9 .5626960E+08   4561630E+02  .4113E+06 -.2100E+07   .9999822  .0031717 -.0050590
T  492  9 .5638195E+08   4561631E+02 -.7717E+07 -.1384E+07   .9998584 -.0167817 -.0012519
T  493  9 .5636569E+08   4561631E+02 -.4167E+06  .3460E+06   .9999959 -.0025851  .0012679
T  494  9 .5650291E+08   4561630E+02 -.1133E+07 -.1547E+07   .9999964 -.0026084 -.0005574
T  495  9 .5659302E+08   4561630E+02 -.1071E+07  .2199E+07   .9999705 -.0038507  .0066396
T  496  9 .5643532E+08   4561631E+02  .3437E+07  .1749E+07   .9999547  .0083199  .0046281
T  497  9 .5667756E+08   4561631E+02  .1868E+07  .2506E+06   .9999820  .0053372 -.0027434
T  498  9 .5655559E+08   4561631E+02 -.1462E+07 -.1931E+07   .9999851 -.0016037 -.0052194
T  499  9 .5647722E+08   4561630E+02  .3120E+07 -.1291E+07   .9999331  .0102487 -.0053645
T  500  9 .5661756E+08   4561631E+02 -.2781E+05 -.8854E+06   .9999977  .0011268 -.0018465
T  501  9 .5662521E+08   4561630E+02 -.1150E+07 -.1525E+07   .9999783 -.0032386 -.0057305
T  502  9 .5671106E+08   4561631E+02 -.6663E+06 -.6777E+05   .9999943 -.0029616 -.0016078
T  503  9 .5655136E+08   4561630E+02  .9865E+06 -.2613E+07   .9999631  .0040076 -.0076030
T  504  9 .5643277E+08   4561630E+02 -.2535E+06 -.1290E+07   .9999711  .0016525 -.0074144
T  505  9 .5656867E+08   4561630E+02 -.1442E+06 -.9132E+06   .9999961 -.0015082 -.0023403
T  506  9 .5647189E+08   4561630E+02  .3851E+07 -.3637E+06   .9999212  .0092887 -.0084437
T  507  9 .5654234E+08   4561631E+02 -.4658E+07  .1019E+08   .9995409 -.0190414  .0235686
T  508  9 .5656171E+08   4561631E+02 -.1012E+07 -.1308E+07   .9999993 -.0005999 -.0010506
T  509  9 .5654007E+08   4561630E+02 -.4827E+06  .2646E+06   .9999974 -.0016467 -.0015469
T  510  9 .5642602E+08   4561630E+02  .2506E+05  .2154E+06   .9999983 -.0017450 -.0005176
T  511  9 .5676294E+08   4561630E+02  .2683E+06 -.1598E+07   .9999965  .0013995 -.0022392
T  512  9 .5621235E+08   4561631E+02 -.7278E+05  .2304E+07   .9999561  .0020066  .0091479
T  513  9 .5643858E+08   4561630E+02 -.3431E+06 -.1508E+07   .9999925 -.0030220 -.0024261
T  514  9 .5643987E+08   4561631E+02 -.1285E+07 -.6799E+06   .9999978 -.0020754  .0003936
T  515  9 .5648461E+08   4561630E+02 -.1697E+07  .3669E+07   .9999526 -.0042362  .0087616
T  516  9 .5658615E+08   4561630E+02  .4679E+06  .4852E+07   .9999544  .0018736  .0093639
T  517  9 .5633255E+08   4561630E+02  .3082E+06  .3613E+07   .9999485 -.0011353  .0100873
T  518  9 .5637771E+08   4561631E+02 -.3310E+06  .2890E+07   .9999517 -.0039712  .0089938
T  519  9 .5635947E+08   4561631E+02  .2499E+06 -.7313E+06   .9999946  .0005826 -.0032366
T  520  9 .5637242E+08   4561630E+02  .1538E+07  .1262E+06   .9999833  .0057869 -.0000257
T  521  9 .5641176E+08   4561630E+02 -.1194E+07 -.1569E+07   .9999969  .0005141  .0024198
T  522  9 .5650724E+08   4561630E+02 -.4968E+07  .1159E+07   .9997775 -.0205730  .0046622
T  523  9 .5655447E+08   4561630E+02 -.2687E+07  .1507E+07   .9999709 -.0071645  .0026020
T  524  9 .5650388E+08   4561630E+02 -.4771E+06  .1491E+07   .9999942  .0021867  .0026175
T  525  9 .5661404E+08   4561630E+02  .4103E+07 -.1867E+07   .9998758  .0128462 -.0091346
T  526  9 .5659848E+08   4561630E+02  .1556E+07 -.2715E+07   .9999743  .0051053 -.0050284
T  527  9 .5653874E+08   4561631E+02 -.7676E+06 -.1074E+07   .9999984  .0017844 -.0000708
T  528  9 .5624854E+08   4561630E+02  .3627E+06  .2774E+07   .9999900  .0015733  .0041811
T  529  9 .5655523E+08   4561631E+02 -.5343E+06 -.6272E+06   .9999997  .0000699  .0007950
T  530  9 .5620071E+08   4561630E+02 -.7481E+07 -.1801E+07   .9998193 -.0181738 -.0055674
T  531  9 .5660011E+08   4561630E+02 -.1638E+07  .3859E+07   .9999470 -.0039636  .0095067
T  532  9 .5656834E+08   4561631E+02  .9926E+06 -.1718E+07   .9999865  .0040549 -.0032379
T  533  9 .5643582E+08   4561630E+02 -.1065E+06  .8188E+06   .9999957 -.0002297  .0029346
T  534  9 .5656493E+08   4561631E+02 -.5208E+06  .6809E+06   .9999995 -.0008097 -.0005575
T  535  9 .5618002E+08   4561630E+02  .1713E+07  .7409E+06   .9999848  .0040567  .0037427
T  536  9 .5656671E+08   4561630E+02 -.1318E+07 -.2357E+07   .9999167 -.0061802 -.0113328
T  537  9 .5642125E+08   4561630E+02  .1487E+05 -.2768E+06   .9999999  .0000250 -.0001346
T  538  9 .5634681E+08   4561631E+02 -.1884E+06 -.8187E+06   .9999909  .0041786 -.0008237
T  539  9 .5623099E+08   4561630E+02 -.2142E+07 -.1977E+06   .9999545 -.0077440 -.0055681
T  540  9 .5669040E+08   4561630E+02 -.1439E+07  .1933E+07   .9999633 -.0051933  .0068141
T  541  9 .5626484E+08   4561630E+02 -.2033E+07 -.2572E+07   .9999793 -.0046353 -.0044683
T  542  9 .5660374E+08   4561630E+02  .1397E+07  .1980E+06   .9999935  .0021378  .0029026
T  543  9 .5670604E+08   4561630E+02  .5637E+06 -.4039E+07   .9999148  .0031011 -.0126834
T  544  9 .5645185E+08   4561631E+02  .3163E+07  .3757E+07   .9999230  .0080002  .0094864
T  545  9 .5641530E+08   4561630E+02  .4758E+06  .3087E+07   .9999596  .0055796  .0070421
T  546  9 .5642720E+08   4561630E+02  .2627E+07 -.3012E+06   .9999643  .0082564  .0017834
T  547  9 .5634581E+08   4561631E+02  .1685E+06  .1745E+07   .9999852 -.0046109  .0028985
T  548  9 .5655898E+08   4561630E+02 -.1840E+07  .2186E+06   .9999934 -.0013539  .0033752
T  549  9 .5654396E+08   4561630E+02 -.2118E+07 -.2211E+07   .9999449 -.0071909 -.0076449
T  550  9 .5651474E+08   4561631E+02 -.2103E+07  .3697E+06   .9999873 -.0028957  .0041333
T  551  9 .5638808E+08   4561630E+02  .6127E+06  .1294E+07   .9999555  .0049269  .0080447
T  552  9 .5649319E+08   4561631E+02  .1360E+07 -.4860E+07   .9999195 -.0007198 -.0126700
T  553  9 .5667517E+08   4561630E+02  .4547E+07  .8647E+06   .9999038  .0138061  .0013291
T  554  9 .5641718E+08   4561630E+02 -.9534E+06  .4262E+06   .9999925 -.0037590  .0009562
T  555  9 .5654124E+08   4561631E+02 -.3583E+06  .2929E+06   .9999965 -.0026480  .0002457
T  556  9 .5679000E+08   4561630E+02 -.4788E+06 -.3268E+05   .9999848 -.0041772 -.0036039
T  557  9 .5629467E+08   4561630E+02  .1521E+07  .4690E+06   .9999787  .0057796  .0030293
T  558  9 .5640541E+08   4561630E+02 -.1854E+07 -.3546E+07   .9999397 -.0053483 -.0095956
T  559  9 .5657290E+08   4561630E+02  .1230E+07 -.5855E+06   .9999951  .0031253  .0001013
T  560  9 .5654769E+08   4561630E+02  .4444E+07  .1734E+06   .9998976  .0142817  .0008976
T  561  9 .5636870E+08   4561631E+02  .1284E+07  .5569E+06   .9999705  .0028303  .0071345
T  562  9 .5637016E+08   4561630E+02  .2914E+06  .3022E+06   .9999923  .0037648  .0010777
T  563  9 .5659598E+08   4561631E+02  .1377E+07 -.9059E+06   .9999853  .0039228 -.0037351
T  564  9 .5643497E+08   4561630E+02 -.1446E+06  .1131E+07   .9999954  .0026431  .0014762
T  565  9 .5631609E+08   4561630E+02 -.1220E+07  .4648E+07   .9999456 -.0026794  .0100759
T  566  9 .5637340E+08   4561630E+02  .5329E+07  .8008E+06   .9998177  .0190730 -.0008464
T  567  9 .5647408E+08   4561630E+02 -.4272E+06  .1211E+07   .9999962 -.0018523  .0020387
T  568  9 .5638380E+08   4561630E+02  .8653E+05 -.2244E+07   .9999646  .0009044 -.0083619
T  569  9 .5633747E+08   4561630E+02  .1965E+07  .1282E+06   .9999827  .0055066 -.0020625
T  570  9 .5633063E+08   4561631E+02  .4412E+07 -.8374E+06   .9999571  .0092531 -.0003436
T  571  9 .5648637E+08   4561631E+02  .1065E+06  .5958E+06   .9999940  .0034073 -.0005599
T  572  9 .5645808E+08   4561631E+02 -.5600E+06  .9359E+06   .9999991  .0004292  .0012607
T  573  9 .5639364E+08   4561631E+02  .1901E+07 -.1027E+07   .9999771  .0052849 -.0042327
T  574  9 .5662395E+08   4561630E+02  .1928E+07  .1085E+07   .9999751  .0063538  .0030620
T  575  9 .5655601E+08   4561631E+02 -.6851E+07  .4455E+07   .9998137 -.0128142  .0144343
T  576  9 .5638294E+08   4561630E+02 -.1098E+07  .3978E+06   .9999912 -.0035189  .0023036
T  577  9 .5637727E+08   4561630E+02  .2314E+06 -.1970E+07   .9999894 -.0005947 -.0045749
T  578  9 .5641110E+08   4561630E+02  .8027E+06  .7411E+06   .9999804  .0043414  .0045041
T  579  9 .5672070E+08   4561631E+02  .1880E+07  .4924E+06   .9999953  .0030194 -.0006155
T  580  9 .5651566E+08   4561631E+02  .6539E+07  .3243E+07   .9998777  .0137543  .0074475
T  581  9 .5664064E+08   4561630E+02 -.5540E+06 -.1161E+07   .9999901 -.0017834 -.0040818
T  582  9 .5661863E+08   4561630E+02 -.2603E+07 -.1017E+07   .9999913 -.0039620 -.0013362
T  583  9 .5700934E+08   4561630E+02 -.2585E+06  .1985E+07   .9999782 -.0016498  .0063953
T  584  9 .5640937E+08   4561631E+02  .2888E+06  .9582E+06   .9999974  .0002384  .0022514
T  585  9 .5652365E+08   4561631E+02 -.1351E+07  .3475E+06   .9999904 -.0037360 -.0022985
T  586  9 .5642894E+08   4561630E+02  .1149E+06 -.9515E+06   .9999914 -.0012968 -.0039403
T  587  9 .5658275E+08   4561631E+02  .5905E+05  .1660E+07   .9999727 -.0049717  .0054606
T  588  9 .5634391E+08   4561630E+02 -.1368E+07 -.2360E+07   .9999903 -.0024878 -.0036387
T  589  9 .5668631E+08   4561631E+02 -.4058E+07 -.1778E+07   .9999032 -.0139145 -.0000124
T  590  9 .5647356E+08   4561630E+02 -.1566E+07  .3703E+06   .9999914 -.0040901  .0006095
T  591  9 .5645836E+08   4561631E+02 -.3716E+06 -.2141E+07   .9999619 -.0027965 -.0082732
T  592  9 .5668598E+08   4561630E+02 -.1578E+06  .1428E+07   .9999967  .0003392  .0025309
T  593  9 .5671689E+08   4561630E+02  .5404E+06 -.1676E+07   .9999602  .0021679 -.0086490
T  594  9 .5644301E+08   4561630E+02 -.4574E+07  .9841E+06   .9999585 -.0086931  .0027325
T  595  9 .5650919E+08   4561630E+02 -.1342E+05 -.1306E+07   .9999762  .0016087 -.0067108
T  596  9 .5661353E+08   4561630E+02  .2155E+07 -.4440E+07   .9999249  .0045424 -.0113808
T  597  9 .5644120E+08   4561630E+02  .7694E+06 -.1141E+07   .9999793  .0039564 -.0050662
T  598  9 .5629419E+08   4561631E+02 -.1020E+07 -.1090E+07   .9999998 -.0005675 -.0000803
T  599  9 .5631844E+08   4561631E+02 -.9670E+06 -.2933E+06   .9999954 -.0030054  .0002910
T  600  9 .5643648E+08   4561630E+02 -.3193E+06 -.2132E+07   .9999931 -.0035034 -.0012186
T  601  9 .5635719E+08   4561630E+02 -.2310E+07 -.1197E+07   .9999612 -.0086860  .0014931
T  602  9 .5655518E+08   4561630E+02  .7830E+06 -.1565E+07   .9999551  .0053161 -.0078470
T  603  9 .5655073E+08   4561631E+02  .1117E+07 -.2311E+07   .9999958  .0024252 -.0015981
T  604  9 .5650389E+08   4561630E+02  .2909E+06 -.1033E+07   .9999926 -.0018180 -.0033813
T  605  9 .5661260E+08   4561630E+02  .1501E+07 -.1016E+07   .9999329  .0112971  .0025662
T  606  9 .5667114E+08   4561630E+02 -.2221E+07 -.4502E+07   .9999169 -.0041568 -.0122060
T  607  9 .5657690E+08   4561630E+02 -.6728E+06  .1181E+07   .9999961 -.0025453  .0011399
T  608  9 .5650160E+08   4561630E+02  .1716E+07  .5616E+07   .9998695  .0051388  .0153145
T  609  9 .5656322E+08   4561630E+02  .8822E+05  .4364E+07   .9998456 -.0046109  .0169575
T  610  9 .5644663E+08   4561630E+02  .2129E+07 -.9313E+06   .9999956  .0003477 -.0029597
T  611  9 .5624215E+08   4561631E+02 -.1665E+07  .1456E+07   .9999760 -.0037853  .0058102
T  612  9 .5652407E+08   4561631E+02  .2052E+07  .2435E+07   .9998378  .0129148  .0125500
T  613  9 .5645607E+08   4561630E+02  .7693E+06 -.1478E+07   .9999498 -.0048778 -.0087469
T  614  9 .5681990E+08   4561631E+02 -.6820E+07 -.3209E+07   .9998843 -.0137515 -.0064980
T  615  9 .5631141E+08   4561631E+02 -.1148E+07 -.5788E+06   .9999583 -.0071276 -.0057160
T  616  9 .5659512E+08   4561630E+02 -.2109E+07 -.1471E+07   .9999546 -.0074624 -.0059298
T  617  9 .5665015E+08   4561630E+02 -.4436E+06 -.7014E+06   .9999954  .0015543 -.0026201
T  618  9 .5686206E+08   4561631E+02 -.2748E+07 -.1788E+07   .9999602 -.0065205 -.0060887
T  619  9 .5647103E+08   4561630E+02  .1390E+08  .8758E+06   .9996027  .0281531  .0013319
T  620  9 .5648931E+08   4561631E+02 -.1888E+07 -.1352E+07   .9997404 -.0214400  .0077165
T  621  9 .5630766E+08   4561630E+02  .4475E+06 -.2259E+07   .9999745 -.0009352 -.0070740
T  622  9 .5639756E+08   4561630E+02 -.1869E+07 -.1070E+07   .9999606 -.0088592  .0005173
T  623  9 .5651078E+08   4561630E+02 -.1783E+07 -.2529E+06   .9999997 -.0007879 -.0002061
T  624  9 .5685484E+08   4561631E+02  .5060E+06 -.1290E+07   .9999764  .0024232 -.0064232
T  625  9 .5647076E+08   4561630E+02  .3377E+07  .4181E+07   .9999451  .0046095  .0094048
T  626  9 .5658319E+08   4561630E+02  .2289E+07 -.7183E+06   .9999821  .0051999 -.0029538
T  627  9 .5659226E+08   4561630E+02  .5066E+06 -.1155E+07   .9999892  .0020570 -.0041694
T  628  9 .5653881E+08   4561630E+02  .2805E+07 -.3590E+07   .9999586  .0023155 -.0088021
T  629  9 .5625118E+08   4561630E+02  .1617E+07  .1831E+07   .9999908  .0042326 -.0006999
T  630  9 .5643239E+08   4561630E+02 -.2219E+07  .1188E+06   .9999460 -.0093587  .0045185
T  631  9 .5668414E+08   4561630E+02 -.3589E+07  .1031E+07   .9999526 -.0097366 -.0000861
T  632  9 .5657995E+08   4561630E+02 -.1076E+06 -.2075E+07   .9999721 -.0009532 -.0074094
T  633  9 .5650052E+08   4561630E+02 -.2350E+06  .1160E+07   .9999928 -.0036987  .0008400
T  634  9 .5660735E+08   4561631E+02 -.5349E+06  .1312E+07   .9999981 -.0015178  .0012325
T  635  9 .5658358E+08   4561631E+02  .1104E+07  .7641E+06   .9999915 -.0000198 -.0041313
T  636  9 .5668178E+08   4561631E+02  .1340E+07 -.1873E+07   .9999598  .0051754 -.0073267
T  637  9 .5661119E+08   4561630E+02  .8117E+06  .2377E+07   .9999701  .0038238  .0067263
T  638  9 .5620844E+08   4561630E+02 -.1652E+07 -.1180E+07   .9999801 -.0038898 -.0049715
T  639  9 .5663164E+08   4561631E+02 -.2712E+07  .2342E+07   .9999456 -.0085517  .0059728
T  640  9 .5656913E+08   4561630E+02 -.2545E+07 -.1034E+07   .9999850 -.0053833 -.0010563
T  641  9 .5635896E+08   4561630E+02 -.8989E+06  .3859E+07   .9999609  .0008064  .0088026
T  642  9 .5648056E+08   4561630E+02  .2986E+07  .4383E+06   .9999642  .0068890  .0049226
T  643  9 .5653150E+08   4561631E+02 -.3785E+07 -.1033E+07   .9999337 -.0114802 -.0008910
T  644  9 .5643795E+08   4561630E+02  .6177E+06  .1949E+06   .9999981  .0017737 -.0008303
T  645  9 .5633420E+08   4561631E+02  .2080E+07 -.1068E+07   .9999817  .0059133 -.0012396
T  646  9 .5621743E+08   4561630E+02  .1617E+07 -.6595E+05   .9999730  .0057931 -.0045229
T  647  9 .5637907E+08   4561631E+02 -.1041E+07  .8296E+06   .9999996 -.0007090  .0005886
T  648  9 .5638722E+08   4561630E+02 -.2797E+07 -.6439E+06   .9999391 -.0109782 -.0011099
T  649  9 .5636776E+08   4561631E+02  .2152E+07 -.3280E+06   .9999656  .0076778 -.0031338
T  650  9 .5619694E+08   4561630E+02  .2681E+06 -.1917E+07   .9999835  .0044380 -.0036572
T  651  9 .5635203E+08   4561630E+02  .2615E+07  .4567E+07   .9999266  .0060268  .0105059
T  652  9 .5667539E+08   4561631E+02 -.5298E+07  .1124E+07   .9998462 -.0175101  .0010198
T  653  9 .5648107E+08   4561630E+02 -.3184E+06  .3066E+07   .9999789 -.0019274  .0062073
T  654  9 .5635236E+08   4561630E+02 -.1335E+07 -.2184E+07   .9999653 -.0025878 -.0079153
T  655  9 .5644695E+08   4561630E+02 -.1548E+07 -.4406E+07   .9999428 -.0024284 -.0104195
T  656  9 .5657943E+08   4561631E+02 -.1532E+07  .2864E+07   .9999223 -.0107489  .0063152
T  657  9 .5661151E+08   4561631E+02  .3339E+06  .1778E+06   .9999986  .0013205  .0009930
T  658  9 .5648231E+08   4561630E+02 -.5072E+06 -.4704E+07   .9998631 -.0051809 -.0157164
T  659  9 .5657893E+08   4561630E+02  .1449E+07  .1133E+05   .9999762  .0068969  .0003582
T  660  9 .5667593E+08   4561630E+02  .1393E+07 -.3380E+07   .9999464  .0007541 -.0103309
T  661  9 .5648372E+08   4561630E+02 -.3199E+07 -.4225E+07   .9998897 -.0109368 -.0100500
T  662  9 .5656868E+08   4561630E+02 -.4038E+05  .1526E+07   .9999871  .0041508  .0029181
T  663  9 .5625734E+08   4561630E+02 -.3300E+07 -.5630E+06   .9999659 -.0075266 -.0034009
T  664  9 .5684939E+08   4561630E+02  .1806E+06  .3562E+07   .9999438  .0005696  .0105856
T  665  9 .5644805E+08   4561630E+02 -.1214E+08 -.4468E+07   .9984983 -.0519000 -.0175367
T  666  9 .5637191E+08   4561630E+02  .6275E+06  .6651E+06   .9999875  .0025054  .0043276
T  667  9 .5653147E+08   4561631E+02  .8774E+06 -.7086E+04   .9999795  .0052162  .0037096
T  668  9 .5610956E+08   4561630E+02 -.9945E+06 -.1317E+07   .9999766 -.0051499 -.0045090
T  669  9 .5630710E+08   4561630E+02 -.9202E+06 -.1336E+07   .9999854 -.0023860 -.0048395
T  670  9 .5652877E+08   4561631E+02  .1515E+07  .7333E+05   .9999924  .0016740  .0035149
T  671  9 .5624469E+08   4561630E+02  .9395E+06 -.2423E+07   .9999536  .0038707 -.0088196
T  672  9 .5663914E+08   4561631E+02  .7376E+06 -.4240E+06   .9999996  .0007952  .0003291
T  673  9 .5628137E+08   4561630E+02  .7754E+06 -.1746E+07   .9999802 -.0008841 -.0062230
T  674  9 .5632672E+08   4561630E+02 -.4344E+07 -.8838E+06   .9999669 -.0080394  .0012722
T  675  9 .5633199E+08   4561631E+02 -.1440E+07 -.5743E+06   .9999906 -.0041130 -.0013978
T  676  9 .5645443E+08   4561630E+02  .3424E+07  .1017E+07   .9999468  .0102944  .0007072
T  677  9 .5658005E+08   4561630E+02  .4544E+06 -.8990E+06   .9999992  .0002874 -.0011949
T  678  9 .5650373E+08   4561630E+02  .3462E+07  .1051E+06   .9999903  .0022724 -.0037747
T  679  9 .5649609E+08   4561630E+02 -.3513E+07 -.4151E+07   .9999804 -.0011459 -.0061498
T  680  9 .5637527E+08   4561631E+02  .5938E+06 -.6057E+06   .9999943  .0018404 -.0028342
T  681  9 .5656041E+08   4561630E+02 -.1191E+07  .5492E+06   .9999922 -.0038095 -.0010596
T  682  9 .5647682E+08   4561630E+02  .4631E+06 -.4027E+06   .9999927  .0017867  .0033853
T  683  9 .5646827E+08   4561631E+02 -.5720E+07  .6677E+07   .9998135 -.0159926  .0108277
T  684  9 .5632165E+08   4561631E+02  .3227E+06  .6052E+05   .9999967  .0023634 -.0010198
T  685  9 .5637400E+08   4561631E+02  .2304E+07 -.1157E+06   .9999795  .0062918  .0011509
T  686  9 .5629111E+08   4561631E+02 -.1100E+07  .6568E+06   .9999755 -.0011436  .0069110
T  687  9 .5653927E+08   4561631E+02  .2826E+06 -.5794E+06   .9999988  .0006810 -.0013572
T  688  9 .5634155E+08   4561631E+02 -.6460E+06 -.6124E+07   .9995549 -.0015286 -.0297948
T  689  9 .5653015E+08   4561630E+02 -.1510E+07  .3363E+07   .9999262 -.0074623  .0095872
T  690  9 .5669521E+08   4561631E+02 -.2830E+07  .9790E+06   .9999591 -.0087168  .0024006
T  691  9 .5681701E+08   4561630E+02  .3924E+06 -.4856E+07   .9997648 -.0009706 -.0216655
T  692  9 .5677096E+08   4561631E+02  .1474E+07 -.8964E+06   .9999850  .0029868 -.0045859
T  693  9 .5638911E+08   4561630E+02  .1195E+07  .3440E+06   .9999773  .0064642  .0018817
T  694  9 .5619657E+08   4561631E+02  .1412E+07 -.2536E+06   .9999974  .0017109  .0015372
T  695  9 .5640858E+08   4561630E+02  .2373E+07 -.2221E+07   .9999693  .0061342 -.0048682
T  696  9 .5646215E+08   4561630E+02 -.8691E+06 -.3123E+07   .9999633 -.0034969 -.0078268
T  697  9 .5646959E+08   4561631E+02 -.2486E+07  .2203E+06   .9999927 -.0035755  .0013777
T  698  9 .5636748E+08   4561630E+02 -.1896E+07  .1700E+07   .9999332 -.0075172  .0087801
T  699  9 .5648560E+08   4561631E+02 -.3207E+07  .1729E+07   .9999329 -.0104540  .0049957
T  700  9 .5652918E+08   4561630E+02 -.3641E+07  .3691E+07   .9999145 -.0097575  .0087080
T  701  9 .5641387E+08   4561630E+02 -.5096E+06 -.5225E+06   .9999938 -.0031741 -.0015455
T  702  9 .5673324E+08   4561631E+02  .1926E+07  .1480E+07   .9999801  .0050518  .0037794
T  703  9 .5649846E+08   4561631E+02 -.9331E+06 -.2093E+07   .9999879 -.0027345 -.0040940
T  704  9 .5641870E+08   4561630E+02  .3543E+06 -.1947E+07   .9999772  .0049848 -.0045481
T  705  9 .5662451E+08   4561631E+02  .4305E+06 -.4912E+06   .9999966 -.0012427  .0022825
T  706  9 .5653451E+08   4561631E+02  .2547E+06 -.1551E+04   .9999953  .0030632 -.0000004
T  707  9 .5654414E+08   4561630E+02 -.1092E+07  .2051E+07   .9999843 -.0020941  .0051948
T  708  9 .5682054E+08   4561631E+02 -.3461E+06 -.1988E+07   .9999829 -.0020143 -.0054854
T  709  9 .5641652E+08   4561630E+02  .3460E+07  .4375E+06   .9999438  .0101014 -.0032057
T  710  9 .5629846E+08   4561631E+02  .6597E+05 -.3752E+06   .9999943 -.0014178 -.0030624
T  711  9 .5642618E+08   4561630E+02  .1021E+07  .1269E+07   .9999616  .0039210  .0078321
T  712  9 .5648991E+08   4561630E+02 -.4895E+07 -.2398E+07   .9998649 -.0162377 -.0025540
T  713  9 .5649973E+08   4561630E+02  .1899E+07  .4207E+06   .9999664  .0080200  .0017156
T  714  9 .5641409E+08   4561631E+02  .5998E+06 -.1821E+07   .9999735  .0002575 -.0072717
T  715  9 .5646515E+08   4561631E+02 -.2716E+07 -.5376E+06   .9999623 -.0083990  .0021998
T  716  9 .5659282E+08   4561630E+02 -.1493E+07  .5682E+06   .9999168 -.0089564  .0092860
T  717  9 .5634634E+08   4561630E+02 -.1575E+07  .1653E+07   .9999862 -.0017692  .0049549
T  718  9 .5669478E+08   4561631E+02  .3928E+07 -.8148E+06   .9998973  .0141395  .0023198
T  719  9 .5634025E+08   4561631E+02 -.1379E+07 -.2342E+06   .9999996  .0006050 -.0006238
T  720  9 .5662173E+08   4561630E+02 -.1211E+07 -.1444E+07   .9999874 -.0022673 -.0044897
T  721  9 .5639167E+08   4561630E+02  .1519E+06  .2040E+07   .9999839  .0014094  .0054966
T  722  9 .5662421E+08   4561630E+02  .9460E+05 -.1247E+07   .9999945 -.0017351 -.0028226
T  723  9 .5670081E+08   4561630E+02  .9272E+05 -.1299E+07   .9999815 -.0016987 -.0058367
T  724  9 .5675019E+08   4561630E+02  .1104E+07 -.1421E+07   .9999946  .0025247 -.0020825
T  725  9 .5653030E+08   4561630E+02  .4939E+06 -.4012E+06   .9999393  .0062358 -.0090796
T  726  9 .5652573E+08   4561631E+02  .4150E+07 -.6587E+06   .9998931  .0138972 -.0045478
T  727  9 .5639942E+08   4561631E+02  .1221E+07 -.2125E+06   .9999778  .0061577 -.0025309
T  728  9 .5646913E+08   4561630E+02  .2321E+07  .2055E+06   .9999312  .0114620  .0024962
T  729  9 .5649808E+08   4561630E+02  .1771E+07 -.1299E+07   .9999867  .0045961 -.0023206
T  730  9 .5655824E+08   4561631E+02  .3631E+06  .6639E+06   .9999876  .0047390  .0015467
T  731  9 .5648468E+08   4561630E+02 -.1927E+07 -.6681E+06   .9999925 -.0038618  .0002691
T  732  9 .5638402E+08   4561630E+02  .2517E+06 -.1399E+07   .9999940  .0026376 -.0022584
T  733  9 .5655069E+08   4561631E+02 -.4758E+06  .1890E+07   .9999911 -.0013606  .0039831
T  734  9 .5648008E+08   4561630E+02 -.4977E+06 -.2010E+07   .9999893 -.0026561 -.0038004
T  735  9 .5670941E+08   4561630E+02 -.1598E+06  .5267E+06   .9999971 -.0008315  .0022702
T  736  9 .5654487E+08   4561631E+02  .1174E+07 -.1937E+07   .9999576  .0028052 -.0087691
T  737  9 .5623599E+08   4561631E+02  .9134E+06  .2084E+07   .9999702  .0035005  .0068742
T  738  9 .5639575E+08   4561630E+02  .1730E+07  .1289E+07   .9999825  .0020692  .0055499
T  739  9 .5661041E+08   4561630E+02  .1490E+07  .1601E+07   .9999794  .0048242  .0042313
T  740  9 .5643533E+08   4561631E+02  .2746E+07  .3449E+07   .9997794  .0154820  .0141939
T  741  9 .5654532E+08   4561631E+02  .7595E+06  .3632E+07   .9999684  .0042733  .0066971
T  742  9 .5644549E+08   4561630E+02  .1146E+07  .1116E+07   .9999921  .0021843  .0033217
T  743  9 .5656626E+08   4561630E+02 -.2172E+07 -.2821E+07   .9999121 -.0086550 -.0100459
T  744  9 .5643338E+08   4561630E+02 -.8319E+06  .1151E+07   .9999899 -.0044776  .0003955
T  745  9 .5645747E+08   4561630E+02  .1140E+07 -.3945E+06   .9999867  .0051633  .0001013
T  746  9 .5670535E+08   4561630E+02  .2484E+07 -.1675E+07   .9999164  .0128991 -.0008581
T  747  9 .5621494E+08   4561630E+02  .1302E+07  .2161E+07   .9999804  .0023077  .0058138
T  748  9 .5656911E+08   4561630E+02  .8368E+06 -.2160E+07   .9999752  .0054285 -.0044821
T  749  9 .5648144E+08   4561631E+02 -.3407E+07  .3980E+06   .9999589 -.0090241  .0009271
T  750  9 .5638207E+08   4561631E+02  .8471E+06  .2044E+07   .9999799  .0020050  .0060161
T  751  9 .5663882E+08   4561631E+02 -.1283E+07  .1975E+06   .9999958 -.0018400 -.0022274
T  752  9 .5631905E+08   4561631E+02 -.1212E+07 -.1501E+07   .9999634 -.0078960 -.0032907
T  753  9 .5629500E+08   4561630E+02 -.1911E+06 -.3858E+07   .9998680 -.0030972 -.0159527
T  754  9 .5661787E+08   4561630E+02  .2629E+07  .2266E+07   .9999682  .0033179  .0072472
T  755  9 .5647747E+08   4561631E+02 -.2298E+07 -.2044E+07   .9999979 -.0004545 -.0019788
T  756  9 .5652565E+08   4561630E+02 -.5480E+06  .1212E+07   .9999928 -.0017520  .0033550
T  757  9 .5625738E+08   4561630E+02  .3427E+06  .1834E+06   .9999867  .0016746  .0048746
T  758  9 .5658811E+08   4561630E+02 -.7471E+05  .3421E+06   .9999929  .0034839  .0014086
T  759  9 .5641776E+08   4561631E+02 -.1810E+07  .8103E+06   .9999590 -.0053054  .0073344
T  760  9 .5653279E+08   4561631E+02 -.3875E+06  .2563E+07   .9999799 -.0052442  .0035636
T  761  9 .5651476E+08   4561631E+02 -.2353E+07  .1111E+07   .9999648 -.0065664  .0052282
T  762  9 .5677918E+08   4561631E+02  .1711E+07 -.4090E+07   .9999496  .0071146 -.0070881
T  763  9 .5637998E+08   4561631E+02 -.1193E+06 -.8621E+06   .9999992  .0004012  .0011778
T  764  9 .5646762E+08   4561631E+02  .2579E+07 -.1648E+07   .9999277  .0112691 -.0042062
T  765  9 .5646047E+08   4561631E+02  .6455E+05  .9189E+05   .9999939 -.0003557  .0034605
T  766  9 .5667057E+08   4561630E+02 -.7282E+06  .5936E+05   .9999949 -.0031795  .0000872
T  767  9 .5652430E+08   4561631E+02  .1285E+07  .2187E+07   .9999589  .0043199  .0079651
T  768  9 .5668147E+08   4561630E+02  .1077E+07  .3803E+06   .9999908  .0041773 -.0009504
T  769  9 .5647875E+08   4561630E+02  .1458E+07 -.1858E+07   .9999747  .0029572 -.0064624
T  770  9 .5637033E+08   4561630E+02  .3841E+06  .1806E+07   .9999783 -.0013886  .0064408
T  771  9 .5651580E+08   4561630E+02 -.1366E+07  .4021E+06   .9999997  .0006364 -.0004214
T  772  9 .5642818E+08   4561630E+02  .2117E+07 -.3113E+07   .9999409 -.0003165 -.0108643
T  773  9 .5660477E+08   4561631E+02 -.6607E+06  .1331E+07   .9999807  .0011118  .0061100
T  774  9 .5642040E+08   4561630E+02  .4355E+06 -.2686E+07   .9999790 -.0032638 -.0056030
T  775  9 .5645508E+08   4561630E+02 -.2196E+07 -.1877E+07   .9999759 -.0069067 -.0006889
T  776  9 .5635880E+08   4561631E+02  .1304E+06 -.1894E+07   .9999524  .0008919 -.0097188
T  777  9 .5662005E+08   4561630E+02  .3582E+05  .3318E+05   .9999999  .0003109  .0000088
T  778  9 .5636428E+08   4561631E+02  .2343E+07 -.3058E+07   .9999494  .0063875 -.0077771
T  779  9 .5622687E+08   4561630E+02 -.3053E+07 -.2421E+07   .9999322 -.0109465 -.0039773
T  780  9 .5631151E+08   4561630E+02 -.4297E+07 -.4456E+07   .9998197 -.0117851 -.0148897
T  781  9 .5643041E+08   4561631E+02 -.8174E+06  .3206E+06   .9999962 -.0026531  .0007466
T  782  9 .5654255E+08   4561630E+02 -.2523E+07 -.1939E+07   .9999563 -.0090260 -.0024168
T  783  9 .5697343E+08   4561630E+02 -.6845E+06 -.5770E+06   .9999987  .0004031 -.0015655
T  784  9 .5644852E+08   4561630E+02  .5932E+06  .3429E+06   .9999882  .0048171  .0005465
T  785  9 .5640611E+08   4561630E+02  .5109E+07 -.3355E+07   .9999229  .0097965 -.0076309
T  786  9 .5645870E+08   4561630E+02  .3373E+07  .5388E+07   .9999240  .0083653  .0090592
T  787  9 .5655205E+08   4561631E+02  .3234E+07  .9332E+06   .9999397  .0109731  .0005179
T  788  9 .5662838E+08   4561631E+02  .9225E+06 -.9120E+06   .9999807  .0046821 -.0040857
T  789  9 .5657587E+08   4561631E+02  .3763E+06 -.3411E+07   .9999496 -.0004854 -.0100288
T  790  9 .5669007E+08   4561630E+02  .2479E+06 -.5358E+06   .9999842  .0033197 -.0045285
T  791  9 .5670876E+08   4561630E+02 -.1327E+07  .2912E+07   .9999748 -.0040414  .0058378
T  792  9 .5628547E+08   4561630E+02 -.1554E+07  .1091E+07   .9999808 -.0061974  .0002187
T  793  9 .5640016E+08   4561630E+02 -.2028E+07  .1751E+07   .9999800 -.0036600  .0051502
T  794  9 .5628901E+08   4561630E+02 -.2052E+07 -.2423E+06   .9999993 -.0008228  .0008887
T  795  9 .5629736E+08   4561631E+02  .2204E+06 -.5075E+07   .9999129 -.0034928 -.0127252
T  796  9 .5651508E+08   4561630E+02 -.6260E+06 -.1088E+05   .9999948  .0030670  .0009871
T  797  9 .5668514E+08   4561630E+02  .1361E+07  .2127E+06   .9999964  .0025204 -.0009680
T  798  9 .5643040E+08   4561631E+02 -.4477E+07  .2399E+07   .9999364 -.0108372  .0031276
T  799  9 .5635959E+08   4561630E+02 -.2088E+07 -.6410E+05   .9999829 -.0050981  .0028512
T  800  9 .5651097E+08   4561630E+02 -.2310E+07 -.1226E+07   .9999673 -.0079819 -.0012947
T  801  9 .5631976E+08   4561631E+02 -.4948E+06  .4739E+06   .9999940 -.0004363  .0034453
T  802  9 .5666454E+08   4561630E+02 -.6912E+06 -.5964E+06   .9999885 -.0037761 -.0029431
T  803  9 .5670287E+08   4561630E+02  .2109E+07  .1807E+07   .9999343  .0111872  .0024931
T  804  9 .5645715E+08   4561630E+02  .4248E+07  .2950E+06   .9999254  .0120693 -.0018935
T  805  9 .5648940E+08   4561630E+02 -.2328E+07 -.2017E+07   .9999675 -.0078108 -.0019985
T  806  9 .5626336E+08   4561630E+02  .5729E+06  .1473E+07   .9999948  .0013744  .0029041
T  807  9 .5638475E+08   4561630E+02  .1049E+07  .1919E+07   .9999652  .0066747  .0050110
T  808  9 .5641858E+08   4561630E+02  .5642E+07  .1990E+07   .9996650  .0229292  .0120084
T  809  9 .5671997E+08   4561630E+02  .5764E+06  .2511E+07   .9999768  .0008286  .0067655
T  810  9 .5653137E+08   4561630E+02  .3376E+07  .2280E+07   .9999049  .0137838 -.0005282
T  811  9 .5652635E+08   4561630E+02  .8799E+06  .7889E+06   .9999714  .0046273  .0059886
T  812  9 .5654591E+08   4561631E+02  .9138E+06  .2689E+07   .9999643  .0028640  .0079445
T  813  9 .5651072E+08   4561631E+02 -.1274E+07  .1295E+07   .9999555 -.0093237  .0014041
T  814  9 .5643074E+08   4561630E+02  .8698E+06 -.1525E+07   .9999823  .0031148 -.0050664
T  815  9 .5667080E+08   4561630E+02  .4081E+06  .2497E+07   .9999862  .0022367  .0047558
T  816  9 .5631064E+08   4561630E+02 -.8745E+06  .7572E+06   .9999919 -.0018126  .0035864
T  817  9 .5642930E+08   4561630E+02 -.1323E+07  .1519E+07   .9999826 -.0031011  .0050146
T  818  9 .5654877E+08   4561630E+02 -.1969E+07 -.9122E+06   .9999920 -.0034393 -.0020247
T  819  9 .5680073E+08   4561630E+02 -.3367E+06  .4709E+05   .9999854  .0053737  .0006212
T  820  9 .5634489E+08   4561630E+02 -.5938E+06 -.1134E+07   .9999984  .0002367 -.0017864
T  821  9 .5629656E+08   4561631E+02  .5884E+05 -.1895E+07   .9999899 -.0009140 -.0044066
T  822  9 .5639007E+08   4561630E+02  .5488E+06 -.6268E+06   .9999755  .0067070 -.0019956
T  823  9 .5644685E+08   4561630E+02 -.7514E+05 -.3492E+07   .9999507  .0024899 -.0096164
T  824  9 .5649458E+08   4561630E+02  .1351E+07 -.3361E+07   .9999754  .0011925 -.0069124
T  825  9 .5664434E+08   4561630E+02  .4778E+07  .1450E+07   .9998889  .0144735  .0035523
T  826  9 .5667537E+08   4561630E+02 -.3910E+06 -.1198E+07   .9999800 -.0005243 -.0063012
T  827  9 .5645771E+08   4561631E+02 -.2294E+07  .2948E+06   .9999826 -.0046251  .0036583
T  828  9 .5653910E+08   4561631E+02 -.3540E+07  .1553E+07   .9999289 -.0092268  .0075511
T  829  9 .5646723E+08   4561631E+02 -.3155E+06 -.1690E+06   .9999966 -.0020542  .0015883
T  830  9 .5657493E+08   4561630E+02 -.3655E+07 -.2374E+06   .9999418 -.0103916 -.0028985
T  831  9 .5678263E+08   4561630E+02  .1395E+07  .4364E+07   .9999491  .0057271  .0083072
T  832  9 .5648109E+08   4561630E+02  .2629E+07 -.1803E+07   .9999819  .0047140 -.0037393
T  833  9 .5660868E+08   4561630E+02 -.1690E+07  .2853E+06   .9999881 -.0048154 -.0007854
T  834  9 .5645752E+08   4561631E+02  .3017E+07 -.6633E+06   .9999863  .0050178 -.0015233
T  835  9 .5661695E+08   4561630E+02  .1990E+06  .2613E+07   .9999770  .0011519  .0066794
T  836  9 .5662005E+08   4561631E+02  .2032E+07  .5923E+07   .9999171  .0035321  .0123835
T  837  9 .5654804E+08   4561630E+02  .4064E+06 -.4395E+05   .9999972 -.0019492 -.0013219
T  838  9 .5648913E+08   4561630E+02  .2386E+06 -.2075E+07   .9999697 -.0011361 -.0077047
T  839  9 .5653808E+08   4561630E+02 -.9351E+06 -.9388E+05   .9999980  .0006160  .0019159
T  840  9 .5641065E+08   4561630E+02  .1121E+07  .1792E+07   .9999813 -.0005672  .0060826
T  841  9 .5664933E+08   4561630E+02 -.4934E+06 -.2600E+07   .9999615 -.0004002 -.0087616
T  842  9 .5663209E+08   4561630E+02 -.3753E+06 -.1599E+06   .9999949 -.0028223 -.0014969
T  843  9 .5660002E+08   4561630E+02  .3302E+07  .3559E+07   .9999298  .0095529  .0070105
T  844  9 .5656049E+08   4561631E+02 -.1144E+07 -.3083E+07   .9999776 -.0024880 -.0062071
T  845  9 .5627711E+08   4561631E+02 -.1954E+07  .7720E+06   .9999982 -.0007778  .0017106
T  846  9 .5673895E+08   4561630E+02  .2379E+07 -.4234E+07   .9999446  .0020448 -.0103263
T  847  9 .5651741E+08   4561630E+02 -.1577E+07  .6791E+06   .9999942 -.0033685 -.0003966
T  848  9 .5684602E+08   4561630E+02 -.4086E+07 -.1773E+07   .9998086 -.0191234 -.0041320
T  849  9 .5632329E+08   4561630E+02 -.1484E+06  .2170E+07   .9999720  .0000024  .0074794
T  850  9 .5648272E+08   4561631E+02 -.1009E+07 -.1814E+07   .9999817 -.0000928 -.0060572
T  851  9 .5650242E+08   4561630E+02  .6289E+06  .3009E+06   .9999885 -.0046916 -.0009456
T  852  9 .5638307E+08   4561630E+02 -.7548E+06 -.2206E+07   .9999934 -.0014365 -.0033267
T  853  9 .5640621E+08   4561630E+02 -.1587E+07 -.9186E+06   .9999836 -.0031498 -.0047789
T  854  9 .5645360E+08   4561631E+02  .1759E+07 -.2136E+07   .9999786  .0036002 -.0054702
T  855  9 .5642061E+08   4561630E+02  .2703E+07 -.1734E+07   .9999107  .0111904 -.0073025
T  856  9 .5641464E+08   4561631E+02 -.8280E+05  .1845E+07   .9999870 -.0025040  .0044313
T  857  9 .5679406E+08   4561630E+02  .6112E+06  .1219E+07   .9999841  .0039103  .0040637
T  858  9 .5619904E+08   4561630E+02 -.2614E+07  .1450E+07   .9999553 -.0091469  .0024083
T  859  9 .5675867E+08   4561631E+02 -.2858E+07 -.5278E+07   .9998787 -.0084380 -.0130921
T  860  9 .5631624E+08   4561631E+02 -.8885E+06 -.1579E+07   .9998749 -.0156834  .0020619
T  861  9 .5659181E+08   4561631E+02 -.3346E+07  .5900E+06   .9999776 -.0066522  .0007998
T  862  9 .5631276E+08   4561631E+02 -.2248E+07  .3535E+05   .9999939 -.0033140 -.0010770
T  863  9 .5656108E+08   4561630E+02  .2485E+07 -.4839E+06   .9999912  .0041911 -.0000616
T  864  9 .5653078E+08   4561631E+02 -.6104E+06  .4969E+06   .9999925 -.0023596 -.0030798
T  865  9 .5669427E+08   4561631E+02 -.1326E+07 -.4204E+06   .9999835 -.0039643 -.0041501
T  866  9 .5663161E+08   4561630E+02  .4687E+07  .2288E+07   .9998966  .0127163  .0067176
T  867  9 .5655586E+08   4561630E+02  .6312E+06  .1114E+07   .9999729  .0052636  .0051548
T  868  9 .5661848E+08   4561631E+02  .8233E+06  .6494E+06   .9999976  .0009928  .0019536
T  869  9 .5631770E+08   4561630E+02 -.1921E+06  .1565E+07   .9999977  .0018626  .0010783
T  870  9 .5651359E+08   4561630E+02 -.4296E+06 -.2234E+06   .9999956 -.0021901 -.0020221
T  871  9 .5654868E+08   4561630E+02  .1689E+07  .1531E+07   .9999825  .0057460  .0013988
T  872  9 .5680942E+08   4561630E+02 -.1479E+07 -.1861E+07   .9999870 -.0033830 -.0038163
T  873  9 .5666340E+08   4561631E+02 -.9450E+06 -.5124E+06   .9999983  .0000452  .0018547
T  874  9 .5642288E+08   4561630E+02 -.3601E+06  .4561E+06   .9999980 -.0018434  .0007302
T  875  9 .5643251E+08   4561631E+02 -.4481E+07  .9746E+06   .9999435 -.0095545  .0046638
T  876  9 .5660209E+08   4561630E+02  .2659E+07 -.8771E+06   .9999631  .0081133 -.0028360
T  877  9 .5654886E+08   4561630E+02  .3746E+07 -.9397E+06   .9999318  .0111269 -.0035479
T  878  9 .5643638E+08   4561630E+02 -.1096E+07 -.1541E+07   .9999795 -.0063242 -.0009999
T  879  9 .5658290E+08   4561631E+02  .2909E+07  .1163E+06   .9999078  .0129844 -.0039856
T  880  9 .5665669E+08   4561630E+02  .3469E+06 -.1301E+07   .9999833 -.0034898 -.0046012
T  881  9 .5675887E+08   4561630E+02  .1692E+07  .2045E+07   .9999696  .0073373  .0026412
T  882  9 .5636996E+08   4561630E+02 -.1349E+07  .2564E+07   .9995586 -.0069942  .0288730
T  883  9 .5620978E+08   4561630E+02  .1716E+07 -.5192E+06   .9999712  .0072191 -.0023235
T  884  9 .5654122E+08   4561630E+02 -.9577E+06  .2831E+07   .9999491 -.0009310  .0100452
T  885  9 .5640984E+08   4561630E+02 -.1307E+07  .2717E+07   .9999795 -.0035465  .0053335
T  886  9 .5654359E+08   4561630E+02 -.1943E+07 -.4816E+06   .9999769 -.0059677 -.0032690
T  887  9 .5680239E+08   4561630E+02  .8186E+06  .3510E+06   .9999727  .0073429  .0008125
T  888  9 .5638088E+08   4561631E+02  .8157E+06 -.3780E+07   .9999592 -.0042183 -.0079863
T  889  9 .5656085E+08   4561630E+02  .1159E+07 -.9585E+06   .9999967  .0025497 -.0003547
T  890  9 .5662938E+08   4561630E+02 -.1256E+07 -.4578E+06   .9999650 -.0073997 -.0038976
T  891  9 .5637702E+08   4561631E+02  .1343E+06  .8512E+06   .9999593  .0022865  .0087274
T  892  9 .5636553E+08   4561630E+02  .5748E+06 -.4474E+06   .9999978  .0016033 -.0013468
T  893  9 .5662535E+08   4561631E+02  .2267E+06 -.4569E+06   .9999797  .0026795 -.0057765
T  894  9 .5645585E+08   4561631E+02  .4059E+06 -.6935E+06   .9999948  .0022994 -.0022563
T  895  9 .5675288E+08   4561630E+02 -.3016E+07  .4330E+07   .9999292 -.0082192  .0086040
T  896  9 .5647355E+08   4561631E+02  .1872E+07 -.1640E+05   .9999846  .0053976  .0012752
T  897  9 .5678261E+08   4561630E+02 -.7855E+06 -.1450E+07   .9999942  .0005402 -.0033509
T  898  9 .5634844E+08   4561631E+02  .1204E+07 -.4986E+06   .9999880  .0046272 -.0016298
T  899  9 .5630444E+08   4561630E+02  .1783E+07 -.1489E+07   .9999736  .0053816 -.0048740
T  900  9 .5619488E+08   4561630E+02 -.2035E+07  .1117E+07   .9999827 -.0043068  .0040085
T  901  9 .5659698E+08   4561630E+02 -.8915E+06  .2543E+07   .9999334 -.0083700  .0079433
T  902  9 .5642279E+08   4561631E+02  .1138E+07 -.8209E+06   .9999533  .0056356 -.0078494
T  903  9 .5639253E+08   4561631E+02  .5513E+07  .2836E+07   .9998630  .0154631  .0059022
T  904  9 .5674203E+08   4561630E+02  .3600E+07  .4537E+06   .9999035  .0126487  .0057380
T  905  9 .5633101E+08   4561630E+02  .1422E+07  .3211E+05   .9999552  .0083113  .0045389
T  906  9 .5687361E+08   4561630E+02 -.1165E+07  .1917E+07   .9999911 -.0015959  .0039128
T  907  9 .5668766E+08   4561631E+02 -.1039E+07  .3125E+05   .9999963 -.0021511 -.0016805
T  908  9 .5652095E+08   4561631E+02 -.2623E+07  .5547E+06   .9999798 -.0056976  .0028046
T  909  9 .5637021E+08   4561630E+02  .1689E+07  .6046E+06   .9999987  .0011525  .0010900
T  910  9 .5650517E+08   4561630E+02  .9328E+06  .1393E+07   .9999864  .0004852  .0052008
T  911  9 .5645636E+08   4561630E+02  .1885E+07  .3059E+06   .9999931 -.0000438 -.0037266
T  912  9 .5642983E+08   4561630E+02 -.1104E+07 -.2352E+06   .9999792 -.0064536 -.0000749
T  913  9 .5662804E+08   4561630E+02 -.2699E+06 -.3293E+06   .9999997 -.0005881 -.0004992
T  914  9 .5650572E+08   4561631E+02  .6802E+06  .2370E+06   .9999875  .0048726 -.0011352
T  915  9 .5631477E+08   4561631E+02  .1089E+07 -.1288E+07   .9999893  .0040300 -.0022822
T  916  9 .5641163E+08   4561630E+02  .5391E+06  .2139E+07   .9999786  .0019661  .0062355
T  917  9 .5645580E+08   4561630E+02  .2785E+06 -.1712E+07   .9999739 -.0019677 -.0069471
T  918  9 .5639585E+08   4561630E+02 -.7630E+07 -.3720E+07   .9998254 -.0185462 -.0022667
T  919  9 .5677459E+08   4561630E+02 -.9808E+06 -.2588E+05   .9999714 -.0054552 -.0052417
T  920  9 .5629550E+08   4561630E+02 -.2136E+07 -.9953E+06   .9999737 -.0061651 -.0038220
T  921  9 .5661698E+08   4561630E+02  .2694E+07  .1402E+07   .9999714  .0017960  .0073513
T  922  9 .5626177E+08   4561630E+02  .3562E+07  .2014E+07   .9999579  .0070521  .0058707
T  923  9 .5656169E+08   4561630E+02 -.3339E+07 -.2407E+06   .9999672 -.0079898  .0013445
T  924  9 .5660970E+08   4561630E+02 -.1441E+07  .1585E+07   .9999901 -.0035013  .0027324
T  925  9 .5674516E+08   4561631E+02 -.2134E+07  .2433E+07   .9999746 -.0033063  .0063101
T  926  9 .5618111E+08   4561630E+02  .8397E+06 -.2829E+07   .9999376  .0014697 -.0110773
T  927  9 .5644352E+08   4561631E+02 -.1522E+07  .2077E+07   .9999467 -.0085610  .0057721
T  928  9 .5642119E+08   4561631E+02 -.1676E+05  .5524E+06   .9999980  .0019374  .0004352
T  929  9 .5639019E+08   4561630E+02  .9046E+06  .3778E+07   .9999520  .0010314  .0097460
T  930  9 .5645556E+08   4561630E+02  .1700E+07 -.9427E+06   .9999971  .0022874 -.0007847
T  931  9 .5624613E+08   4561630E+02 -.5336E+06  .2539E+05   .9999758 -.0018587  .0067091
T  932  9 .5683889E+08   4561631E+02  .2091E+07 -.9143E+06   .9999671  .0081052 -.0004426
T  933  9 .5658003E+08   4561631E+02  .4026E+06  .1136E+07   .9999886 -.0028829  .0038010
T  934  9 .5652471E+08   4561630E+02  .1558E+07  .1207E+07   .9999744  .0071211 -.0006348
T  935  9 .5650491E+08   4561631E+02  .1212E+07 -.1674E+07   .9999738  .0036442 -.0062558
T  936  9 .5639999E+08   4561631E+02  .1015E+06 -.4215E+06   .9999957 -.0026758 -.0011895
T  937  9 .5649699E+08   4561630E+02 -.1034E+07 -.1867E+06   .9999827 -.0054746 -.0021378
T  938  9 .5641264E+08   4561630E+02 -.1621E+07  .6285E+06   .9999767 -.0067718  .0008881
T  939  9 .5656000E+08   4561630E+02 -.2505E+07 -.1285E+06   .9999642 -.0083888 -.0010644
T  940  9 .5659060E+08   4561631E+02 -.1039E+07  .2342E+07   .9999697 -.0075074  .0020607
T  941  9 .5657338E+08   4561631E+02 -.1376E+07 -.8025E+05   .9999992 -.0009083 -.0008906
T  942  9 .5627289E+08   4561631E+02 -.7304E+06 -.5086E+06   .9999935 -.0022085 -.0028538
T  943  9 .5642597E+08   4561630E+02 -.2036E+07  .1045E+07   .9999744 -.0038172  .0060464
T  944  9 .5643069E+08   4561630E+02  .1419E+07 -.2660E+04   .9999963  .0012070  .0024246
T  945  9 .5636946E+08   4561631E+02  .1020E+07  .5711E+07   .9998602  .0005780  .0167105
T  946  9 .5643246E+08   4561631E+02  .2000E+07  .4061E+07   .9998781  .0046122  .0149185
T  947  9 .5650670E+08   4561630E+02 -.9728E+06  .5100E+06   .9999976  .0007573  .0020727
T  948  9 .5652965E+08   4561630E+02 -.4409E+06 -.3747E+07   .9998647 -.0002343 -.0164486
T  949  9 .5651209E+08   4561630E+02 -.3305E+06 -.3270E+06   .9999935 -.0017111 -.0031638
T  950  9 .5665212E+08   4561631E+02 -.6396E+06 -.2344E+07   .9999708 -.0045015 -.0061778
T  951  9 .5646029E+08   4561631E+02  .1160E+07  .2814E+05   .9999968  .0013012 -.0021754
T  952  9 .5653283E+08   4561631E+02  .1897E+07 -.6903E+06   .9999941  .0033455  .0008358
T  953  9 .5658921E+08   4561630E+02  .1326E+07 -.2171E+07   .9999878  .0032139 -.0037432
T  954  9 .5639307E+08   4561630E+02 -.3656E+05 -.1865E+06   .9999999  .0001710 -.0000502
T  955  9 .5661753E+08   4561631E+02  .9898E+06 -.3381E+06   .9999985  .0012948  .0011844
T  956  9 .5646102E+08   4561630E+02  .9675E+07 -.5639E+07   .9997205  .0205032 -.0117670
T  957  9 .5663660E+08   4561631E+02  .3595E+06 -.3258E+06   .9999998 -.0001643 -.0005403
T  958  9 .5664956E+08   4561631E+02  .1602E+07 -.1026E+06   .9999840  .0029971  .0048060
T  959  9 .5675081E+08   4561631E+02  .1930E+07  .7454E+06   .9999933  .0033504  .0015075
T  960  9 .5627819E+08   4561630E+02 -.4725E+06 -.2116E+07   .9999956 -.0004226 -.0029441
T  961  9 .5662479E+08   4561631E+02  .4076E+07 -.4936E+06   .9999549  .0092780 -.0020076
T  962  9 .5648517E+08   4561630E+02  .7713E+06 -.9133E+06   .9999204  .0093356 -.0084924
T  963  9 .5657741E+08   4561630E+02  .6375E+06 -.5684E+06   .9999945  .0025829 -.0020822
T  964  9 .5656445E+08   4561630E+02  .2672E+06  .2184E+07   .9999762 -.0003193  .0068900
T  965  9 .5623736E+08   4561630E+02 -.1072E+07  .8245E+06   .9999731 -.0055685  .0047673
T  966  9 .5637212E+08   4561630E+02 -.6488E+06  .1204E+07   .9999963 -.0023953  .0013019
T  967  9 .5633603E+08   4561630E+02  .1125E+07 -.1042E+07   .9999939  .0015230 -.0031512
T  968  9 .5673921E+08   4561631E+02  .1623E+07 -.1207E+07   .9999563  .0041004 -.0084057
T  969  9 .5667090E+08   4561630E+02 -.1162E+07  .8414E+06   .9999908 -.0042612 -.0004713
T  970  9 .5673219E+08   4561630E+02 -.2158E+07 -.6248E+05   .9999917 -.0040273  .0006087
T  971  9 .5643018E+08   4561630E+02  .3008E+07 -.1425E+07   .9999436  .0084012 -.0064950
T  972  9 .5662188E+08   4561630E+02 -.2301E+07 -.2000E+07   .9999821 -.0051946 -.0029776
T  973  9 .5647118E+08   4561630E+02 -.6351E+06  .1106E+07   .9999987 -.0006355  .0014753
T  974  9 .5660482E+08   4561630E+02 -.1352E+06  .6614E+06   .9999955 -.0028600 -.0008708
T  975  9 .5626244E+08   4561631E+02 -.8566E+06 -.3643E+06   .9999967 -.0025543 -.0003557
T  976  9 .5625173E+08   4561631E+02  .3191E+07 -.1212E+07   .9999621  .0085933 -.0014127
T  977  9 .5615728E+08   4561630E+02 -.6401E+06  .1581E+07   .9999883 -.0047308  .0010394
T  978  9 .5650203E+08   4561630E+02 -.1153E+07 -.2940E+07   .9999048 -.0041606 -.0131567
T  979  9 .5653609E+08   4561631E+02 -.2628E+07  .1442E+07   .9998741 -.0137394  .0079405
T  980  9 .5655383E+08   4561631E+02 -.1786E+07  .5567E+06   .9999951 -.0028489 -.0013294
T  981  9 .5696780E+08   4561630E+02  .2724E+07  .4079E+06   .9999502  .0099714 -.0003731
T  982  9 .5665914E+08   4561630E+02 -.1002E+06  .1066E+06   .9999974 -.0022639 -.0003416
T  983  9 .5639619E+08   4561630E+02  .2599E+07  .9580E+06   .9999296  .0118550 -.0004812
T  984  9 .5635792E+08   4561630E+02  .2845E+06  .1122E+07   .9999990 -.0010846 -.0008692
T  985  9 .5660823E+08   4561631E+02  .2224E+06  .1255E+07   .9999988  .0000132  .0015443
T  986  9 .5676015E+08   4561630E+02 -.6740E+06  .2506E+07   .9999784 -.0008545  .0065100
T  987  9 .5639938E+08   4561630E+02  .8914E+06  .1364E+07   .9999791 -.0006478  .0064250
T  988  9 .5641353E+08   4561630E+02 -.2537E+07 -.5962E+05   .9999970 -.0007239 -.0023436
T  989  9 .5642035E+08   4561631E+02  .3865E+06  .1133E+07   .9999862  .0006113  .0052160
T  990  9 .5638899E+08   4561631E+02  .1111E+07  .1225E+07   .9999729  .0044438  .0058748
T  991  9 .5639690E+08   4561631E+02  .2672E+07  .1390E+06   .9999598  .0089629  .0001800
T  992  9 .5649708E+08   4561631E+02 -.5248E+07  .3856E+06   .9999155 -.0129841  .0005952
T  993  9 .5650243E+08   4561630E+02  .2115E+07 -.1232E+07   .9999838  .0055121 -.0014298
T  994  9 .5645800E+08   4561631E+02  .1381E+07  .1353E+07   .9999896  .0018743  .0041487
T  995  9 .5641555E+08   4561631E+02 -.6280E+06 -.1606E+07   .9999967 -.0013805 -.0021845
T  996  9 .5638503E+08   4561631E+02  .3870E+07 -.1066E+07   .9999715  .0074473 -.0012242
T  997  9 .5656856E+08   4561631E+02  .1245E+07  .1123E+07   .9999757  .0058436  .0038142
T  998  9 .5652569E+08 