============================== SRIM-2013.00 ==============================
==============================================================================
=================  TRANSMIT.txt : File of Transmitted Ions  ==================
=  This file tabulates the kinetics of ions or atoms leaving the target.     =
=  Column #1: S= Sputtered Atom, B= Backscattered Ion, T= Transmitted Ion.   =
=  Col.#2: Ion Number, Col.#3: Z of atom leaving, Col.#4: Atom energy (eV).  =
=  Col.#5-7: Last location:  X= Depth into target, Y,Z= Transverse axes.     =
=  Col.#8-10: Cosines of final trajectory.                                   =
= *** This data file is in the same format as TRIM.DAT (see manual for uses).=
====== TRIM Calc.=  O(76.5 MeV) ==> Mylar_IC+Carbon Tetraflu( 36.0 mm) =======
 Ion  Atom   Energy        Depth       Lateral-Position        Atom Direction      
 Numb Numb    (eV)          X(A)        Y(A)       Z(A)      Cos(X)  Cos(Y) Cos(Z) 
T  123  8 .6062170E+08   3601150E+02  .1048E+07 -.4033E+07   .9999862  .0035700 -.0038474
T  124  8 .6445689E+08   3601150E+02 -.1045E+07  .3729E+06   .9999933 -.0035586  .0008448
T  125  8 .6452307E+08   3601150E+02 -.1254E+06  .2270E+07   .9999660 -.0001545  .0082393
T  126  8 .6460429E+08   3601150E+02  .2113E+07  .2571E+07   .9999469  .0063831  .0080916
T  127  8 .6447750E+08   3601150E+02 -.4841E+06  .2321E+06   .9999992  .0006375  .0010771
T  128  8 .6467515E+08   3601150E+02 -.2969E+07  .1028E+07   .9999549 -.0088777  .0033645
T  129  8 .6466663E+08   3601150E+02 -.2027E+07  .6045E+06   .9999779 -.0062811  .0021668
T  130  8 .6463618E+08   3601150E+02  .8845E+06 -.7969E+06   .9999912  .0029484 -.0029787
T  131  8 .6446939E+08   3601150E+02 -.1233E+07  .7891E+05   .9999928 -.0034645  .0015552
T  132  8 .6457717E+08   3601150E+02  .3153E+06 -.5013E+06   .9999905 -.0018670 -.0039359
T  133  8 .6459441E+08   3601150E+02 -.1481E+06 -.1793E+06   .9999991 -.0009454 -.0009745
T  134  8 .6456456E+08   3601150E+02 -.1616E+07 -.1434E+07   .9999865 -.0048936 -.0017609
T  135  8 .6453590E+08   3601150E+02 -.2624E+06  .7422E+06   .9999981 -.0004624  .0018997
T  136  8 .6451368E+08   3601150E+02  .4369E+06 -.4697E+05   .9999997  .0007451  .0001597
T  137  8 .6445755E+08   3601150E+02 -.1586E+07 -.1158E+07   .9999663 -.0068780 -.0044744
T  138  8 .6444787E+08   3601150E+02 -.9031E+05 -.2435E+07   .9999668 -.0006980 -.0081244
T  139  8 .6460235E+08   3601150E+02 -.1548E+07 -.8646E+06   .9999768 -.0068158  .0001423
T  140  8 .6466009E+08   3601150E+02  .5627E+06 -.5771E+06   .9999933  .0007319 -.0035743
T  141  8 .6444951E+08   3601150E+02 -.1589E+07 -.3333E+07   .9999316 -.0042872 -.0108792
T  142  8 .6456171E+08   3601150E+02 -.4131E+06  .3983E+06   .9999953 -.0024613  .0018041
T  143  8 .6453099E+08   3601150E+02  .4083E+06 -.5321E+06   .9999980  .0009047 -.0017562
T  144  8 .6448878E+08   3601150E+02  .1827E+07  .1618E+07   .9999577  .0059696  .0069953
T  145  8 .6456111E+08   3601150E+02  .1781E+04 -.1866E+05   .9999999 -.0002741 -.0001475
T  146  8 .6471970E+08   3601150E+02  .5669E+06 -.1219E+07   .9999948  .0031969 -.0003689
T  147  8 .6438572E+08   3601150E+02 -.2037E+07  .1566E+07   .9999545 -.0064972  .0069883
T  148  8 .6459705E+08   3601150E+02  .3716E+07 -.4543E+06   .9999425  .0107171  .0002197
T  149  8 .6460846E+08   3601150E+02 -.5451E+06 -.7407E+05   .9999984 -.0017809 -.0000396
T  150  8 .6452923E+08   3601150E+02 -.3637E+06 -.1011E+07   .9999979 -.0016041 -.0013065
T  151  8 .6446728E+08   3601150E+02  .1223E+07 -.1605E+07   .9999322  .0088314 -.0075920
T  152  8 .6452556E+08   3601150E+02  .1457E+07 -.1073E+07   .9999784  .0042338 -.0050219
T  153  8 .6476849E+08   3601150E+02  .8986E+06 -.3180E+06   .9999939  .0021199 -.0027603
T  154  8 .6453749E+08   3601150E+02  .3534E+05  .7284E+05   .9999890 -.0027225 -.0038184
T  155  8 .6455652E+08   3601150E+02 -.4636E+06  .1699E+05   .9999913 -.0027649 -.0031092
T  156  8 .6459062E+08   3601150E+02  .4228E+06 -.4468E+06   .9999988  .0006638 -.0013922
T  157  8 .6470221E+08   3601150E+02 -.1374E+07 -.8744E+06   .9999862 -.0049717 -.0017014
T  158  8 .6444884E+08   3601150E+02 -.1701E+07  .4852E+06   .9999948 -.0030641  .0009609
T  159  8 .6447361E+08   3601150E+02 -.2293E+06  .6397E+05   .9999994 -.0010693 -.0002891
T  160  8 .6435639E+08   3601150E+02  .2818E+05  .1279E+07   .9999933 -.0002398  .0036415
T  161  8 .6469326E+08   3601150E+02 -.7649E+06 -.1156E+07   .9999936 -.0011887 -.0033831
T  162  8 .6459155E+08   3601150E+02  .6940E+06  .3927E+06   .9999950  .0028664 -.0013280
T  163  8 .6460526E+08   3601150E+02 -.1680E+07  .7339E+06   .9999822 -.0056831  .0017936
T  164  8 .6465187E+08   3601150E+02 -.6143E+06 -.7791E+06   .9999944 -.0030887 -.0013005
T  165  8 .6469752E+08   3601150E+02  .3032E+06  .1213E+07   .9999937  .0006230  .0034969
T  166  8 .6439416E+08   3601150E+02  .1792E+06 -.1874E+07   .9999697  .0011170 -.0076990
T  167  8 .6459245E+08   3601150E+02  .9572E+06 -.5544E+06   .9999972  .0023653  .0002587
T  168  8 .6441398E+08   3601150E+02 -.3762E+06 -.1285E+07   .9999960 -.0008297 -.0027182
T  169  8 .6453423E+08   3601150E+02  .1156E+07 -.2326E+07   .9999574  .0059326 -.0070667
T  170  8 .6457017E+08   3601150E+02  .2023E+07 -.6568E+06   .9999810  .0057708 -.0021530
T  171  8 .6463269E+08   3601150E+02 -.2845E+07 -.1410E+07   .9998508 -.0172551 -.0007486
T  172  8 .6467350E+08   3601150E+02 -.5598E+05 -.4024E+06   .9999958 -.0012737 -.0026024
T  173  8 .6454513E+08   3601150E+02  .8950E+06  .1054E+07   .9999964  .0020689  .0016795
T  174  8 .6475090E+08   3601150E+02 -.7496E+05 -.1182E+07   .9999890 -.0023257 -.0040726
T  175  8 .6464672E+08   3601150E+02 -.1339E+07 -.9735E+05   .9999821 -.0058031 -.0014584
T  176  8 .6448746E+08   3601150E+02  .1484E+07  .1690E+06   .9999874  .0049922  .0005529
T  177  8 .6444027E+08   3601150E+02 -.6196E+06  .1130E+07   .9999876 -.0017822  .0046457
T  178  8 .6448974E+08   3601150E+02 -.8341E+05  .5176E+05   .9999996  .0005283 -.0007267
T  179  8 .6466416E+08   3601150E+02 -.1983E+06  .8029E+06   .9999952 -.0016991  .0025900
T  180  8 .6470280E+08   3601150E+02  .2056E+06  .2648E+06   .9999993  .0011074  .0002780
T  181  8 .6461126E+08   3601150E+02  .1113E+07 -.7894E+06   .9999638  .0065252 -.0054529
T  182  8 .6440591E+08   3601150E+02 -.3210E+06 -.5811E+06   .9999976 -.0017921 -.0012230
T  183  8 .6463677E+08   3601150E+02  .2549E+07 -.5890E+06   .9999507  .0099185  .0003691
T  184  8 .6477275E+08   3601150E+02  .8926E+06 -.1439E+07   .9999832  .0007617 -.0057416
T  185  8 .6442880E+08   3601150E+02  .1784E+06  .6200E+06   .9999999  .0003579 -.0003177
T  186  8 .6448244E+08   3601150E+02 -.4810E+06 -.1783E+07   .9999868 -.0007038 -.0050959
T  187  8 .6466366E+08   3601150E+02 -.9574E+06 -.6067E+06   .9999758 -.0064915 -.0024820
T  188  8 .6438767E+08   3601150E+02  .2051E+07  .8813E+06   .9999628  .0073720  .0044777
T  189  8 .6453670E+08   3601150E+02 -.2034E+07 -.2649E+07   .9999573 -.0055883 -.0073655
T  190  8 .6464158E+08   3601150E+02 -.1830E+06  .4071E+06   .9999955 -.0009524  .0028466
T  191  8 .6464925E+08   3601150E+02  .1213E+07 -.1377E+06   .9999660  .0081194 -.0014554
T  192  8 .6455671E+08   3601150E+02  .7048E+05  .1876E+07   .9999754 -.0047255  .0051764
T  193  8 .6459950E+08   3601150E+02  .3818E+06  .7137E+06   .9999842  .0046057  .0032279
T  194  8 .6456725E+08   3601150E+02  .6723E+06 -.5251E+05   .9999873 -.0049412 -.0010107
T  195  8 .6464589E+08   3601150E+02  .4236E+07 -.2014E+06   .9998629  .0165543  .0002088
T  196  8 .6469143E+08   3601150E+02 -.2161E+05 -.1452E+07   .9999919 -.0006721 -.0039672
T  197  8 .6467159E+08   3601150E+02  .1097E+07 -.1122E+07   .9999733  .0055756 -.0047209
T  198  8 .6454141E+08   3601150E+02  .1145E+06  .8588E+06   .9999981  .0017533  .0008198
T  199  8 .6431529E+08   3601150E+02 -.3881E+05 -.1487E+06   .9999976  .0019407 -.0010093
T  200  8 .6449040E+08   3601150E+02 -.1526E+07  .6909E+06   .9999746 -.0069994  .0013563
T  201  8 .6455267E+08   3601150E+02  .7290E+05 -.3403E+06   .9999995  .0005320 -.0008445
T  202  8 .6456710E+08   3601150E+02  .4727E+06 -.1240E+07   .9999864  .0012380 -.0050644
T  203  8 .6451390E+08   3601150E+02 -.4873E+05 -.2776E+07   .9999304 -.0010571 -.0117547
T  204  8 .6447422E+08   3601150E+02 -.4774E+06 -.2088E+07   .9999803 -.0027362 -.0056453
T  205  8 .6452824E+08   3601150E+02  .1165E+07  .5620E+06   .9999870  .0048287  .0016667
T  206  8 .6468414E+08   3601150E+02 -.2106E+06 -.1269E+07   .9999908 -.0025672 -.0034426
T  207  8 .6433051E+08   3601150E+02 -.6243E+06 -.8620E+06   .9999933 -.0027796 -.0023735
T  208  8 .6445869E+08   3601150E+02 -.4210E+06 -.4881E+06   .9999998  .0006115  .0001772
T  209  8 .6439948E+08   3601150E+02  .7443E+06 -.2299E+07   .9999513  .0017703 -.0097120
T  210  8 .6468612E+08   3601150E+02 -.1921E+06  .7263E+06   .9999960 -.0026126  .0010468
T  211  8 .6459996E+08   3601150E+02 -.8713E+06 -.2007E+06   .9999977 -.0009888 -.0018864
T  212  8 .6449626E+08   3601150E+02  .7620E+06  .1083E+07   .9999729  .0031017  .0066767
T  213  8 .6469011E+08   3601150E+02  .4441E+06 -.2902E+06   .9999999  .0001170  .0001373
T  214  8 .6460913E+08   3601150E+02  .7886E+06 -.9221E+06   .9999949  .0030423 -.0009391
T  215  8 .6450769E+08   3601150E+02 -.9652E+06  .3030E+05   .9999938 -.0027682 -.0021790
T  216  8 .6446673E+08   3601150E+02  .2972E+07 -.3242E+06   .9999657  .0081509 -.0014865
T  217  8 .6458389E+08   3601150E+02 -.9881E+06 -.1154E+07   .9999915 -.0028632 -.0029702
T  218  8 .6455743E+08   3601150E+02 -.1910E+07 -.1878E+07   .9999681 -.0054992 -.0057902
T  219  8 .6460190E+08   3601150E+02  .7691E+06  .6902E+06   .9999945  .0018519  .0027633
T  220  8 .6453447E+08   3601150E+02  .6592E+06 -.1294E+07   .9999647  .0043490 -.0071938
T  221  8 .6439126E+08   3601150E+02  .2249E+07 -.1600E+07   .9999720  .0041026 -.0062639
T  222  8 .6436733E+08   3601150E+02  .2298E+06 -.2673E+06   .9999989  .0007988 -.0012465
T  223  8 .6454718E+08   3601150E+02 -.1398E+07  .1859E+07   .9999754 -.0043064  .0055318
T  224  8 .6442888E+08   3601150E+02 -.5608E+06  .1138E+07   .9999874 -.0007530  .0049550
T  225  8 .6456332E+08   3601150E+02 -.1475E+07  .1064E+07   .9999737 -.0059961  .0040813
T  226  8 .6448622E+08   3601150E+02 -.8147E+06  .2712E+06   .9999891 -.0036061  .0029564
T  227  8 .6445725E+08   3601150E+02 -.1097E+07 -.2229E+06   .9999942 -.0027147 -.0020803
T  228  8 .6468263E+08   3601150E+02 -.1079E+07  .8408E+06   .9999951 -.0025621  .0017964
T  229  8 .6453908E+08   3601150E+02  .7221E+06  .7993E+06   .9999933  .0029746  .0021261
T  230  8 .6461467E+08   3601150E+02  .6332E+06  .3567E+05   .9999979  .0016659 -.0012228
T  231  8 .6448758E+08   3601150E+02 -.1951E+07 -.5292E+06   .9999778 -.0066382 -.0006051
T  232  8 .6440753E+08   3601150E+02  .5070E+06  .8234E+06   .9999979  .0005290  .0019950
T  233  8 .6447540E+08   3601150E+02 -.8102E+06  .2134E+06   .9999973 -.0023222 -.0000693
T  234  8 .6456043E+08   3601150E+02  .1739E+07 -.3030E+05   .9999788  .0062369 -.0018726
T  235  8 .6457502E+08   3601150E+02 -.2416E+07 -.2270E+07   .9999800 -.0011590 -.0062155
T  236  8 .6435184E+08   3601150E+02  .1611E+07 -.4834E+06   .9999888  .0046508 -.0008537
T  237  8 .6456939E+08   3601150E+02  .4723E+06 -.4733E+06   .9999988  .0000359 -.0015766
T  238  8 .6445115E+08   3601150E+02  .3139E+07  .6525E+06   .9999688  .0075335  .0023942
T  239  8 .6432561E+08   3601150E+02  .1071E+07 -.2343E+06   .9999892  .0040234 -.0023375
T  240  8 .6480350E+08   3601150E+02 -.5027E+05  .1816E+07   .9999692 -.0003002  .0078390
T  241  8 .6454671E+08   3601150E+02  .1311E+07 -.9941E+06   .9999811  .0046602 -.0040083
T  242  8 .6469768E+08   3601150E+02  .2535E+06 -.1076E+07   .9999948 -.0014785 -.0028496
T  243  8 .6466214E+08   3601150E+02 -.1595E+07  .5513E+05   .9999938 -.0019253  .0029499
T  244  8 .6457797E+08   3601150E+02 -.6105E+06  .2299E+05   .9999922 -.0016799 -.0035712
T  245  8 .6450675E+08   3601150E+02 -.1540E+07  .6611E+06   .9999866 -.0046390  .0023077
T  246  8 .6460315E+08   3601150E+02 -.2685E+06  .3565E+06   .9999947 -.0011180  .0030533
T  247  8 .6456411E+08   3601150E+02 -.8029E+06 -.3398E+06   .9999912 -.0037822 -.0018333
T  248  8 .6437060E+08   3601150E+02 -.1352E+06  .7333E+06   .9999989 -.0006116  .0013444
T  249  8 .6459602E+08   3601150E+02 -.7568E+06  .1239E+06   .9999997 -.0003990  .0007124
T  250  8 .6453473E+08   3601150E+02  .2614E+07  .2358E+06   .9999820  .0059490 -.0007347
T  251  8 .6448863E+08   3601150E+02  .1536E+07  .1355E+06   .9999962  .0023723  .0014161
T  252  8 .6435728E+08   3601150E+02 -.1995E+07 -.2542E+07   .9999424 -.0079971 -.0071537
T  253  8 .6461341E+08   3601150E+02 -.3745E+07  .7498E+06   .9999459 -.0103163  .0013348
T  254  8 .6456753E+08   3601150E+02  .2162E+06  .3284E+07   .9999616  .0010070  .0087061
T  255  8 .6459226E+08   3601150E+02  .5798E+06 -.1597E+07   .9999799  .0019155 -.0060483
T  256  8 .6461525E+08   3601150E+02 -.2591E+07 -.1570E+06   .9999822 -.0059531  .0003120
T  257  8 .6465446E+08   3601150E+02 -.8258E+06  .2181E+07   .9999697 -.0036275  .0068862
T  258  8 .6478164E+08   3601150E+02  .1823E+07  .5904E+06   .9999709  .0066608  .0037101
T  259  8 .6444136E+08   3601150E+02  .3456E+06 -.8031E+06   .9999970  .0020086 -.0013870
T  260  8 .6450774E+08   3601150E+02 -.9277E+06 -.2458E+07   .9999501 -.0025661 -.0096584
T  261  8 .6455568E+08   3601150E+02 -.4032E+06 -.1663E+07   .9999861 -.0028237 -.0044586
T  262  8 .6430827E+08   3601150E+02  .4430E+06  .2565E+06   .9999955  .0021866  .0020325
T  263  8 .6472251E+08   3601150E+02  .3751E+05 -.4846E+06   .9999998 -.0003960 -.0004052
T  264  8 .6444193E+08   3601150E+02 -.1744E+06 -.2966E+06   .9999998  .0002463  .0006417
T  265  8 .6474060E+08   3601150E+02 -.7131E+06  .2898E+06   .9999969 -.0021464  .0012434
T  266  8 .6461469E+08   3601150E+02  .9940E+05 -.2122E+06   .9999984 -.0006472 -.0016945
T  267  8 .6469901E+08   3601150E+02  .1675E+07  .1666E+07   .9999759  .0043556  .0054122
T  268  8 .6439435E+08   3601150E+02 -.9348E+06  .1087E+06   .9999935 -.0034981 -.0008211
T  269  8 .6466278E+08   3601150E+02 -.2816E+07  .6552E+06   .9999610 -.0088265  .0003563
T  270  8 .6455127E+08   3601150E+02 -.6666E+06  .1734E+07   .9999765 -.0011303  .0067606
T  271  8 .6462811E+08   3601150E+02  .7603E+06  .6248E+06   .9999950  .0015674  .0027358
T  272  8 .6451555E+08   3601150E+02 -.1219E+07  .4192E+06   .9999855 -.0053533  .0006521
T  273  8 .6428788E+08   3601150E+02 -.2256E+07  .9402E+05   .9999692 -.0078359  .0004480
T  274  8 .6459897E+08   3601150E+02 -.1310E+08 -.2727E+07   .9992769 -.0371709 -.0080003
T  275  8 .6449606E+08   3601150E+02  .1606E+07 -.8247E+06   .9999891  .0045483 -.0010689
T  276  8 .6464760E+08   3601150E+02  .1294E+07 -.4347E+07   .9999256  .0028652 -.0118553
T  277  8 .6445675E+08   3601150E+02  .2308E+07 -.4116E+06   .9999842  .0050977 -.0023530
T  278  8 .6438859E+08   3601150E+02  .1011E+07  .2869E+06   .9999832  .0052252  .0024982
T  279  8 .6469938E+08   3601150E+02  .1547E+07 -.3981E+06   .9999926  .0028963 -.0025444
T  280  8 .6441317E+08   3601150E+02 -.1565E+06  .2539E+06   .9999999 -.0003122  .0000690
T  281  8 .6432337E+08   3601150E+02 -.1147E+06  .1098E+07   .9999950 -.0009771  .0029978
T  282  8 .6454209E+08   3601150E+02 -.1536E+06  .8543E+05   .9999977 -.0021027 -.0003477
T  283  8 .6431129E+08   3601150E+02 -.1812E+06  .6187E+06   .9999921 -.0019743  .0034595
T  284  8 .6458188E+08   3601150E+02  .1145E+06  .1297E+07   .9999901 -.0007406  .0043893
T  285  8 .6447705E+08   3601150E+02  .3885E+07  .5128E+07   .9998450  .0077993  .0157820
T  286  8 .6449075E+08   3601150E+02  .1529E+07 -.8402E+05   .9999923  .0036971  .0013155
T  287  8 .6450728E+08   3601150E+02 -.8014E+06  .1351E+07   .9999459 -.0043998  .0094296
T  288  8 .6477290E+08   3601150E+02  .2631E+06 -.1103E+07   .9999910  .0003360 -.0042321
T  289  8 .6463493E+08   3601150E+02 -.8933E+06 -.3405E+05   .9999897 -.0044329 -.0009999
T  290  8 .6432514E+08   3601150E+02 -.9846E+06 -.1305E+07   .9999941 -.0026296 -.0022004
T  291  8 .6450644E+08   3601150E+02 -.9004E+06 -.8373E+06   .9999772 -.0066173 -.0013345
T  292  8 .6455893E+08   3601150E+02  .4625E+06 -.7006E+06   .9999962  .0017370 -.0021252
T  293  8 .6454875E+08   3601150E+02 -.1203E+07 -.3086E+07   .9999568 -.0040573 -.0083665
T  294  8 .6456192E+08   3601150E+02 -.3626E+06  .1064E+07   .9999939 -.0020466  .0028403
T  295  8 .6465267E+08   3601150E+02  .3922E+06 -.1828E+06   .9999981  .0001341 -.0019225
T  296  8 .6460256E+08   3601150E+02  .1046E+07 -.1596E+07   .9999802  .0030863 -.0054789
T  297  8 .6444524E+08   3601150E+02  .1585E+06  .2438E+06   .9999989  .0007201  .0012984
T  298  8 .6467337E+08   3601150E+02 -.6877E+06 -.1577E+06   .9999974 -.0017375  .0014978
T  299  8 .6454100E+08   3601150E+02  .1781E+07 -.9134E+06   .9999678  .0072664 -.0034055
T  300  8 .6457022E+08   3601150E+02 -.2522E+06  .5594E+06   .9999890 -.0009402  .0045866
T  301  8 .6458273E+08   3601150E+02  .2238E+06  .8743E+06   .9999973  .0013384  .0019195
T  302  8 .6453167E+08   3601150E+02 -.6148E+06 -.3482E+05   .9999998  .0004173 -.0003936
T  303  8 .6473436E+08   3601150E+02 -.5557E+06 -.2264E+07   .9999804 -.0020690 -.0059150
T  304  8 .6464667E+08   3601150E+02  .1778E+07  .7840E+06   .9999875  .0028592  .0040924
T  305  8 .6469224E+08   3601150E+02 -.9990E+06 -.4030E+06   .9999895 -.0044270 -.0011735
T  306  8 .6440464E+08   3601150E+02 -.1060E+06  .1109E+07   .9999922 -.0004999  .0039057
T  307  8 .6441000E+08   3601150E+02  .2133E+07  .7290E+06   .9999776  .0061542  .0026389
T  308  8 .6475168E+08   3601150E+02 -.1364E+07  .1559E+07   .9999697  .0001864  .0077859
T  309  8 .6440871E+08   3601150E+02  .2915E+07 -.2578E+06   .9999705  .0076837 -.0000405
T  310  8 .6440107E+08   3601150E+02 -.1191E+07  .4328E+06   .9999951 -.0029460  .0010518
T  311  8 .6451911E+08   3601150E+02  .1022E+07 -.1019E+07   .9999964  .0019134 -.0018952
T  312  8 .6436933E+08   3601150E+02 -.4482E+05 -.2170E+07   .9999849  .0000313 -.0054939
T  313  8 .6453139E+08   3601150E+02 -.8835E+06 -.1338E+07   .9999779 -.0056870 -.0034545
T  314  8 .6469851E+08   3601150E+02  .1176E+06  .8064E+06   .9999911  .0033939  .0024916
T  315  8 .6447023E+08   3601150E+02  .1047E+06  .1461E+07   .9999925  .0000753  .0038765
T  316  8 .6446413E+08   3601150E+02 -.6350E+06 -.2698E+06   .9999992 -.0012628  .0000754
T  317  8 .6459161E+08   3601150E+02 -.2178E+06  .1799E+07   .9999689 -.0032774  .0071686
T  318  8 .6446506E+08   3601150E+02 -.1962E+07 -.2198E+06   .9999798 -.0062957 -.0008643
T  319  8 .6473293E+08   3601150E+02  .2012E+07  .3013E+07   .9999275  .0074314  .0094744
T  320  8 .6439263E+08   3601150E+02 -.2969E+06  .9784E+06   .9999968 -.0006761  .0024184
T  321  8 .6462117E+08   3601150E+02  .1355E+07 -.7562E+06   .9999901  .0037601 -.0023700
T  322  8 .6437740E+08   3601150E+02 -.1645E+06  .4505E+06   .9999975 -.0009840  .0019970
T  323  8 .6461086E+08   3601150E+02 -.7092E+06 -.1452E+07   .9999730 -.0016611 -.0071572
T  324  8 .6467188E+08   3601150E+02 -.2686E+07 -.2968E+07   .9999410 -.0089148 -.0061999
T  325  8 .6460499E+08   3601150E+02  .6615E+06 -.8555E+06   .9999913  .0024920 -.0033339
T  326  8 .6469854E+08   3601150E+02 -.1679E+06 -.1373E+07   .9999940 -.0013568 -.0031954
T  327  8 .6459712E+08   3601150E+02 -.1014E+06  .3315E+07   .9999417  .0014200  .0107083
T  328  8 .6463707E+08   3601150E+02  .1027E+07 -.8599E+06   .9999903  .0035440 -.0026004
T  329  8 .6445625E+08   3601150E+02 -.1443E+07 -.8289E+05   .9999809 -.0061524 -.0005754
T  330  8 .6445652E+08   3601150E+02 -.2858E+07  .2392E+07   .9999469 -.0077652  .0067714
T  331  8 .6444429E+08   3601150E+02  .7425E+06 -.1345E+07   .9999908  .0009940 -.0041712
T  332  8 .6465439E+08   3601150E+02 -.2012E+07 -.3357E+06   .9999748 -.0070762 -.0004849
T  333  8 .6445460E+08   3601150E+02  .7224E+06 -.2622E+06   .9999555  .0076698 -.0054959
T  334  8 .6450671E+08   3601150E+02 -.7581E+06  .1267E+07   .9999882 -.0028881  .0039188
T  335  8 .6453545E+08   3601150E+02 -.8838E+06  .9668E+06   .9999919 -.0023011  .0033006
T  336  8 .6442087E+08   3601150E+02 -.2522E+05  .1900E+07   .9999914  .0011429  .0039841
T  337  8 .6469161E+08   3601150E+02 -.4103E+07  .2147E+07   .9999109 -.0117814  .0062759
T  338  8 .6444776E+08   3601150E+02 -.8942E+06  .1546E+06   .9999977 -.0019454  .0009324
T  339  8 .6446177E+08   3601150E+02  .9279E+06 -.1999E+06   .9999984  .0013440 -.0011508
T  340  8 .6448359E+08   3601150E+02  .1728E+06 -.1429E+07   .9999658  .0000453 -.0082693
T  341  8 .6455259E+08   3601150E+02  .2335E+06 -.7142E+06   .9999995  .0007920 -.0006599
T  342  8 .6460121E+08   3601150E+02  .5902E+06  .6087E+06   .9999940  .0004923  .0034151
T  343  8 .6433207E+08   3601150E+02 -.1655E+06 -.3593E+06   .9999989 -.0013088 -.0007233
T  344  8 .6462159E+08   3601150E+02 -.1182E+07 -.9636E+06   .9999907 -.0030782 -.0030232
T  345  8 .6456579E+08   3601150E+02  .9391E+06  .9309E+06   .9999955  .0026417  .0013872
T  346  8 .6455843E+08   3601150E+02 -.2428E+06  .1728E+06   .9999990 -.0011215  .0008942
T  347  8 .6421952E+08   3601150E+02 -.3111E+06  .3919E+06   .9999817 -.0056551  .0021346
T  348  8 .6477286E+08   3601150E+02 -.1180E+07  .3818E+07   .9999524 -.0036647  .0090474
T  349  8 .6473634E+08   3601150E+02 -.1822E+06 -.1098E+07   .9999971 -.0004633 -.0023833
T  350  8 .6455191E+08   3601150E+02 -.2808E+06 -.1453E+06   .9999915 -.0028346 -.0029822
T  351  8 .6437985E+08   3601150E+02  .1386E+07  .9684E+06   .9999764  .0036765  .0058062
T  352  8 .6449585E+08   3601150E+02 -.1407E+07  .1074E+07   .9999766 -.0060146  .0032503
T  353  8 .6462450E+08   3601150E+02 -.3254E+06 -.5042E+06   .9999976 -.0021682 -.0000785
T  354  8 .6462622E+08   3601150E+02 -.6433E+06  .4619E+06   .9999930 -.0036032 -.0009590
T  355  8 .6458875E+08   3601150E+02 -.4206E+06 -.9847E+06   .9999427 -.0098369 -.0042336
T  356  8 .6447055E+08   3601150E+02  .7635E+06 -.1047E+07   .9999935  .0030611 -.0019234
T  357  8 .6446721E+08   3601150E+02  .1773E+06  .1674E+07   .9999874 -.0012150  .0048755
T  358  8 .6460348E+08   3601150E+02 -.9176E+06 -.2212E+07   .9999584 -.0036602 -.0083527
T  359  8 .6462079E+08   3601150E+02 -.1020E+06  .1288E+07   .9999929  .0003830  .0037583
T  360  8 .6440420E+08   3601150E+02  .3963E+06 -.5826E+06   .9999987  .0015596  .0003299
T  361  8 .6461862E+08   3601150E+02 -.2665E+07 -.1645E+07   .9999679 -.0063255 -.0049154
T  362  8 .6461100E+08   3601150E+02  .1142E+07  .1066E+07   .9999917  .0034079  .0022290
T  363  8 .6461138E+08   3601150E+02  .1714E+07 -.2640E+07   .9999758  .0030280 -.0062617
T  364  8 .6453986E+08   3601150E+02 -.8998E+06  .6063E+06   .9999916 -.0039802  .0010238
T  365  8 .6452950E+08   3601150E+02  .8647E+06 -.8927E+06   .9999824  .0023905 -.0054309
T  366  8 .6454788E+08   3601150E+02 -.2042E+06  .2015E+07   .9999813  .0009941  .0060362
T  367  8 .6459380E+08   3601150E+02  .9142E+06  .5318E+06   .9998548  .0153117  .0074786
T  368  8 .6432646E+08   3601150E+02  .1563E+07  .7411E+05   .9999921  .0039723 -.0001665
T  369  8 .6459652E+08   3601150E+02 -.4821E+07 -.2544E+07   .9998654 -.0147939 -.0070972
T  370  8 .6472173E+08   3601150E+02 -.9681E+06 -.1236E+07   .9999900 -.0017142 -.0041414
T  371  8 .6454925E+08   3601150E+02 -.2415E+05  .2571E+06   .9999998 -.0005619  .0000633
T  372  8 .6462742E+08   3601150E+02 -.8069E+06 -.1486E+07   .9999768 -.0021834 -.0064583
T  373  8 .6463793E+08   3601150E+02 -.4772E+06 -.7293E+06   .9999939 -.0014716 -.0031724
T  374  8 .6484920E+08   3601150E+02  .9309E+06 -.4427E+06   .9999939  .0023341 -.0026131
T  375  8 .6450014E+08   3601150E+02 -.4204E+06 -.7029E+05   .9999947 -.0032436  .0002331
T  376  8 .6442483E+08   3601150E+02  .1851E+07 -.3627E+06   .9999915  .0031144 -.0026873
T  377  8 .6451407E+08   3601150E+02 -.5939E+06 -.1188E+07   .9999856 -.0019163 -.0050099
T  378  8 .6453311E+08   3601150E+02 -.1850E+07 -.2333E+07   .9999645 -.0072266 -.0043346
T  379  8 .6447833E+08   3601150E+02 -.8476E+06 -.1790E+07   .9999953  .0020723 -.0022737
T  380  8 .6456825E+08   3601150E+02 -.4154E+06 -.1436E+07   .9999868 -.0012769 -.0049837
T  381  8 .6448550E+08   3601150E+02  .5158E+06  .3780E+06   .9999957  .0026447  .0012591
T  382  8 .6433862E+08   3601150E+02 -.2726E+06 -.4231E+06   .9999955 -.0022291 -.0019874
T  383  8 .6437879E+08   3601150E+02  .6074E+06 -.9967E+06   .9999935  .0020567 -.0029560
T  384  8 .6463854E+08   3601150E+02 -.2278E+07 -.3125E+06   .9999700 -.0071045 -.0030816
T  385  8 .6459728E+08   3601150E+02  .1701E+07  .2396E+07   .9999712  .0036982  .0066315
T  386  8 .6435754E+08   3601150E+02  .1077E+06 -.1670E+06   .9999975  .0006000 -.0021574
T  387  8 .6456016E+08   3601150E+02 -.4509E+06 -.5397E+06   .9999975 -.0021480 -.0006880
T  388  8 .6443259E+08   3601150E+02  .2199E+06 -.3208E+06   .9999993  .0007709 -.0009009
T  389  8 .6467815E+08   3601150E+02 -.1575E+07  .6558E+06   .9999836 -.0051119  .0025795
T  390  8 .6468681E+08   3601150E+02 -.1731E+07  .1360E+07   .9999547 -.0065517  .0069044
T  391  8 .6450402E+08   3601150E+02 -.8229E+06 -.6775E+06   .9999968 -.0012036 -.0022436
T  392  8 .6480405E+08   3601150E+02  .1058E+07 -.2769E+07   .9999669  .0034455 -.0073670
T  393  8 .6489752E+08   3601150E+02  .7194E+05  .4556E+06   .9999880 -.0010585  .0047889
T  394  8 .6454451E+08   3601150E+02 -.2297E+06  .8005E+06   .9999969  .0003582  .0024789
T  395  8 .6442619E+08   3601150E+02 -.1164E+07  .1425E+07   .9999934 -.0005136  .0036003
T  396  8 .6460361E+08   3601150E+02 -.1074E+07 -.1049E+07   .9999998  .0000595 -.0006052
T  397  8 .6458232E+08   3601150E+02  .9548E+06 -.1352E+07   .9999786  .0043925 -.0048400
T  398  8 .6449355E+08   3601150E+02  .1757E+07 -.2403E+07   .9999530  .0061354 -.0075107
T  399  8 .6454929E+08   3601150E+02  .1122E+07  .1447E+06   .9999966  .0026126 -.0000263
T  400  8 .6459909E+08   3601150E+02 -.2363E+07 -.2752E+07   .9999530 -.0051722 -.0081966
T  401  8 .6441022E+08   3601150E+02  .3066E+06 -.2079E+07   .9999680 -.0017250 -.0078133
T  402  8 .6485539E+08   3601150E+02 -.7064E+06 -.1327E+06   .9999982 -.0018608 -.0003629
T  403  8 .6465929E+08   3601150E+02  .1483E+07  .1539E+06   .9999898  .0044251  .0009207
T  404  8 .6463284E+08   3601150E+02  .3795E+06  .1950E+07   .9999814 -.0008116  .0060529
T  405  8 .6440748E+08   3601150E+02 -.9383E+06 -.6923E+06   .9999977 -.0014589 -.0015718
T  406  8 .6452522E+08   3601150E+02 -.4681E+07  .2180E+07   .9998831 -.0125973  .0086668
T  407  8 .6468159E+08   3601150E+02  .1541E+07  .1481E+07   .9999791  .0028037  .0058182
T  408  8 .6457376E+08   3601150E+02  .1615E+07  .7863E+06   .9999787  .0063268  .0015719
T  409  8 .6462822E+08   3601150E+02 -.8977E+06 -.2225E+07   .9999210 -.0051329 -.0114718
T  410  8 .6451341E+08   3601150E+02 -.9443E+06  .1486E+07   .9999798 -.0034607  .0053376
T  411  8 .6474070E+08   3601150E+02  .5658E+06  .1532E+07   .9999480  .0029125  .0097781
T  412  8 .6470645E+08   3601150E+02  .7039E+06 -.4662E+06   .9999936  .0019532 -.0029808
T  413  8 .6462092E+08   3601150E+02  .8691E+06 -.1465E+07   .9999935  .0012306 -.0033984
T  414  8 .6447552E+08   3601150E+02  .7849E+06  .5099E+06   .9999923  .0024000  .0030910
T  415  8 .6435772E+08   3601150E+02 -.5143E+07  .2176E+07   .9998388 -.0166124  .0068084
T  416  8 .6459410E+08   3601150E+02 -.1717E+07 -.2245E+07   .9999724 -.0036613 -.0064575
T  417  8 .6432940E+08   3601150E+02 -.7267E+06 -.1503E+07   .9999886 -.0041497 -.0023577
T  418  8 .6471432E+08   3601150E+02 -.2363E+06 -.1658E+07   .9999831 -.0012695 -.0056741
T  419  8 .6473936E+08   3601150E+02  .3154E+06 -.1039E+07   .9999957  .0010141 -.0027512
T  420  8 .6447299E+08   3601150E+02 -.1116E+07  .1299E+06   .9999970 -.0023034  .0007710
T  421  8 .6459849E+08   3601150E+02  .1199E+07 -.3736E+06   .9999906  .0040119 -.0016374
T  422  8 .6451377E+08   3601150E+02 -.9992E+06  .6090E+05   .9999888 -.0033492  .0033316
T  423  8 .6430730E+08   3601150E+02  .1074E+08  .8632E+07   .9993684  .0270209  .0230811
T  424  8 .6462370E+08   3601150E+02 -.5725E+06  .8500E+06   .9999990 -.0008735 -.0011519
T  425  8 .6468047E+08   3601150E+02  .7489E+06  .2718E+06   .9999988  .0010998  .0011342
T  426  8 .6451606E+08   3601150E+02 -.4949E+06  .9558E+06   .9999924 -.0023391  .0031238
T  427  8 .6451686E+08   3601150E+02 -.3742E+06  .1300E+07   .9999960 -.0006681  .0027397
T  428  8 .6452815E+08   3601150E+02 -.9407E+05  .3741E+07   .9999444 -.0001308  .0105421
T  429  8 .6427166E+08   3601150E+02  .6811E+06 -.2497E+06   .9999941  .0021304 -.0026889
T  430  8 .6455939E+08   3601150E+02  .1387E+06  .2570E+06   .9999994 -.0001241 -.0010913
T  431  8 .6442425E+08   3601150E+02  .8709E+06 -.2960E+06   .9999943  .0030554 -.0014544
T  432  8 .6470056E+08   3601150E+02 -.1031E+07 -.1847E+07   .9999845 -.0029219 -.0047391
T  433  8 .6443511E+08   3601150E+02 -.1212E+06 -.2129E+07   .9999881  .0003444 -.0048596
T  434  8 .6436613E+08   3601150E+02 -.1049E+07  .5343E+07   .9998563 -.0039993  .0164710
T  435  8 .6450502E+08   3601150E+02  .2208E+07 -.2975E+06   .9999676  .0079593  .0011662
T  436  8 .6466389E+08   3601150E+02  .5983E+06 -.1627E+07   .9999870  .0031729 -.0039960
T  437  8 .6462638E+08   3601150E+02  .2467E+06  .4224E+07   .9999242  .0005915  .0122941
T  438  8 .6474407E+08   3601150E+02  .4541E+06 -.2668E+07   .9999436  .0042363 -.0097398
T  439  8 .6462509E+08   3601150E+02  .7362E+06  .1590E+07   .9999874  .0012554  .0048532
T  440  8 .6463877E+08   3601150E+02 -.2982E+07 -.4885E+06   .9999518 -.0096968 -.0015686
T  441  8 .6456429E+08   3601150E+02  .1232E+06  .5582E+04   .9999999 -.0001065  .0002067
T  442  8 .6471274E+08   3601150E+02  .3451E+07 -.2877E+07   .9999034  .0112192 -.0082041
T  443  8 .6462081E+08   3601150E+02 -.1127E+07 -.1759E+07   .9999885 -.0023408 -.0041847
T  444  8 .6443683E+08   3601150E+02  .2339E+06  .2282E+06   .9999978  .0008533  .0019332
T  445  8 .6461973E+08   3601150E+02 -.1789E+07  .9396E+06   .9999861 -.0049012  .0019552
T  446  8 .6450881E+08   3601150E+02 -.1905E+05 -.1032E+07   .9999880  .0001788 -.0049006
T  447  8 .6440660E+08   3601150E+02  .1308E+07  .3343E+07   .9999412  .0038239  .0101452
T  448  8 .6447771E+08   3601150E+02 -.8624E+05 -.2767E+06   .9999998 -.0006606  .0000632
T  449  8 .6456141E+08   3601150E+02  .6002E+06  .1251E+07   .9999857  .0029849  .0044479
T  450  8 .6455140E+08   3601150E+02 -.2554E+07  .2540E+07   .9999376 -.0089048  .0067456
T  451  8 .6451598E+08   3601150E+02  .2022E+06  .4345E+06   .9999965  .0017811  .0019783
T  452  8 .6456116E+08   3601150E+02 -.3526E+07  .6524E+06   .9999281 -.0119043  .0014640
T  453  8 .6465934E+08   3601150E+02 -.9261E+06  .1439E+06   .9999917 -.0028858  .0028812
T  454  8 .6457034E+08   3601150E+02  .1600E+07  .6475E+06   .9999782  .0056936  .0033325
T  455  8 .6445684E+08   3601150E+02  .1417E+07 -.4766E+06   .9999886  .0046205 -.0012118
T  456  8 .6442211E+08   3601150E+02  .2736E+06 -.9410E+06   .9999830 -.0014150 -.0056516
T  457  8 .6454360E+08   3601150E+02  .8448E+06 -.1336E+07   .9999682  .0051995 -.0060538
T  458  8 .6460968E+08   3601150E+02  .5700E+05 -.5951E+06   .9999982 -.0016248 -.0009865
T  459  8 .6447610E+08   3601150E+02  .2255E+06  .2773E+07   .9999726  .0006435  .0073809
T  460  8 .6440490E+08   3601150E+02 -.6858E+05  .3478E+06   .9999956 -.0019968  .0021766
T  461  8 .6484975E+08   3601150E+02  .1061E+07  .1568E+07   .9999887  .0029917  .0037013
T  462  8 .6440392E+08   3601150E+02  .1043E+06  .2574E+07   .9999609 -.0005742  .0088248
T  463  8 .6434039E+08   3601150E+02  .4243E+06  .4404E+06   .9999956  .0020481  .0021594
T  464  8 .6451904E+08   3601150E+02  .2215E+06  .1739E+07   .9999888  .0018652  .0043415
T  465  8 .6454474E+08   3601150E+02 -.1614E+07 -.8898E+06   .9999808 -.0057928 -.0021801
T  466  8 .6460135E+08   3601150E+02 -.1398E+06  .2025E+07   .9999751 -.0002766  .0070533
T  467  8 .6458086E+08   3601150E+02  .8638E+06  .8736E+05   .9999965  .0026412  .0000017
T  468  8 .6452237E+08   3601150E+02 -.1470E+06  .3290E+06   .9999904 -.0034982  .0026495
T  469  8 .6439403E+08   3601150E+02 -.1580E+07 -.2217E+07   .9999779 -.0038911 -.0053998
T  470  8 .6447760E+08   3601150E+02  .4606E+06  .1524E+07   .9999948  .0015395  .0028478
T  471  8 .6444627E+08   3601150E+02  .3211E+07  .1019E+06   .9999801  .0063103 -.0001403
T  472  8 .6437343E+08   3601150E+02  .6579E+06 -.1052E+07   .9999865  .0011614 -.0050705
T  473  8 .6488590E+08   3601150E+02  .1692E+06  .1699E+07   .9999848  .0024329  .0049437
T  474  8 .6449332E+08   3601150E+02 -.2478E+06  .2097E+07   .9999788 -.0017905  .0062573
T  475  8 .6460497E+08   3601150E+02 -.2881E+06 -.6405E+06   .9999998 -.0002994 -.0004834
T  476  8 .6456753E+08   3601150E+02  .6749E+06 -.7039E+06   .9999964  .0016721 -.0021096
T  477  8 .6460152E+08   3601150E+02 -.2931E+06  .5141E+06   .9999960  .0003418  .0027992
T  478  8 .6449990E+08   3601150E+02  .2213E+06  .2155E+06   .9999982  .0011306  .0015006
T  479  8 .6463732E+08   3601150E+02 -.2352E+06  .1140E+07   .9999888  .0014612  .0045055
T  480  8 .6435963E+08   3601150E+02  .4165E+06 -.1205E+07   .9999894  .0012961 -.0044152
T  481  8 .6457386E+08   3601150E+02  .7608E+06 -.1719E+07   .9999826  .0031029 -.0050251
T  482  8 .6445843E+08   3601150E+02  .6504E+06  .1812E+07   .9999863  .0046065  .0024779
T  483  8 .6464400E+08   3601150E+02  .1493E+07 -.4034E+06   .9999877  .0048479 -.0010409
T  484  8 .6445558E+08   3601150E+02  .2539E+06 -.1041E+07   .9999976  .0002933 -.0021884
T  485  8 .6464815E+08   3601150E+02  .6461E+06 -.5112E+06   .9999863  .0036817 -.0037239
T  486  8 .6449719E+08   3601150E+02 -.3396E+07 -.2151E+06   .9999519 -.0090812 -.0037112
T  487  8 .6469279E+08   3601150E+02 -.2346E+06  .8247E+06   .9999977 -.0020767  .0005623
T  488  8 .6449759E+08   3601150E+02  .1153E+07  .6837E+06   .9999754  .0069487 -.0009905
T  489  8 .6441562E+08   3601150E+02  .1013E+07 -.2143E+06   .9999855  .0028470  .0045755
T  490  8 .6448602E+08   3601150E+02 -.6098E+07  .4477E+06   .9998487 -.0172274  .0024019
T  491  8 .6462886E+08   3601150E+02 -.2426E+07 -.4115E+07   .9999258 -.0046420 -.0112589
T  492  8 .6473285E+08   3601150E+02  .1246E+07 -.9533E+06   .9999795  .0055393 -.0032216
T  493  8 .6470674E+08   3601150E+02  .4433E+06  .4328E+06   .9999975  .0019673  .0010978
T  494  8 .6442391E+08   3601150E+02 -.5816E+05 -.3462E+06   .9999985  .0013844 -.0010441
T  495  8 .6469437E+08   3601150E+02 -.9728E+06 -.1389E+07   .9999869 -.0039825 -.0032127
T  496  8 .6454404E+08   3601150E+02 -.9232E+06 -.6754E+06   .9999983 -.0012415 -.0013691
T  497  8 .6444373E+08   3601150E+02  .9766E+07  .3899E+07   .9995788  .0264901  .0118515
T  498  8 .6454414E+08   3601150E+02 -.2684E+06  .1902E+06   .9999989 -.0001332  .0015009
T  499  8 .6444025E+08   3601150E+02  .1916E+06  .4648E+06   .9999974  .0001645  .0022765
T  500  8 .6438271E+08   3601150E+02 -.7547E+06  .5254E+06   .9999969 -.0019386  .0015335
T  501  8 .6467776E+08   3601150E+02 -.1020E+07 -.6527E+06   .9999913 -.0039500 -.0013411
T  502  8 .6470662E+08   3601150E+02 -.2758E+07  .7045E+06   .9999672 -.0079916  .0012822
T  503  8 .6448840E+08   3601150E+02  .1369E+07  .7628E+06   .9999890  .0033971  .0032416
T  504  8 .6447702E+08   3601150E+02  .9519E+06 -.1003E+07   .9999834  .0025121 -.0051823
T  505  8 .6457891E+08   3601150E+02 -.2372E+06 -.1787E+07   .9999733  .0001732 -.0073096
T  506  8 .6446013E+08   3601150E+02 -.1660E+06 -.3230E+06   .9999957 -.0017339 -.0023497
T  507  8 .6457440E+08   3601150E+02  .5568E+06  .1380E+07   .9999858 -.0015182  .0051099
T  508  8 .6457634E+08   3601150E+02  .1723E+07  .6604E+06   .9999879  .0046838  .0014920
T  509  8 .6460954E+08   3601150E+02 -.1040E+07  .1297E+07   .9999991 -.0012967 -.0002472
T  510  8 .6450364E+08   3601150E+02 -.1362E+07  .4597E+06   .9999863 -.0052277  .0004096
T  511  8 .6443634E+08   3601150E+02  .2567E+06  .5577E+06   .9999972  .0015836  .0017656
T  512  8 .6453985E+08   3601150E+02  .1120E+07  .1602E+07   .9999760  .0047110  .0050740
T  513  8 .6491096E+08   3601150E+02 -.2351E+07 -.2723E+07   .9999178 -.0080426 -.0099820
T  514  8 .6449785E+08   3601150E+02 -.2615E+07 -.7319E+06   .9999340 -.0113565 -.0017478
T  515  8 .6456945E+08   3601150E+02 -.1046E+07  .5172E+06   .9999878 -.0033732  .0036094
T  516  8 .6461206E+08   3601150E+02  .2319E+06 -.1008E+07   .9999937  .0010139 -.0033926
T  517  8 .6458644E+08   3601150E+02 -.1806E+07 -.6342E+06   .9999770 -.0067760 -.0003027
T  518  8 .6430346E+08   3601150E+02  .8549E+06 -.4237E+06   .9999974  .0020068 -.0010390
T  519  8 .6453028E+08   3601150E+02  .6520E+06 -.1331E+07   .9999869  .0037718 -.0034559
T  520  8 .6455633E+08   3601150E+02 -.1680E+07  .1354E+07   .9999705 -.0052941  .0055650
T  521  8 .6467107E+08   3601150E+02  .3088E+07 -.1362E+07   .9999446  .0094480 -.0046508
T  522  8 .6464528E+08   3601150E+02 -.1573E+07 -.2773E+06   .9999883 -.0047444 -.0009090
T  523  8 .6446355E+08   3601150E+02 -.1338E+07  .2007E+05   .9999959 -.0028796 -.0000334
T  524  8 .6445228E+08   3601150E+02 -.3425E+06  .8117E+06   .9999967 -.0023813  .0009523
T  525  8 .6461970E+08   3601150E+02 -.6540E+06 -.1532E+06   .9999963 -.0025447  .0009868
T  526  8 .6473213E+08   3601150E+02 -.1459E+07  .6181E+06   .9999876 -.0047482  .0014736
T  527  8 .6429710E+08   3601150E+02  .1028E+07  .2657E+07   .9999599  .0034108  .0082849
T  528  8 .6452334E+08   3601150E+02 -.4696E+06  .6002E+06   .9999925 -.0004023  .0038483
T  529  8 .6452216E+08   3601150E+02 -.2396E+07 -.5336E+06   .9999871 -.0050731 -.0000805
T  530  8 .6468254E+08   3601150E+02 -.2567E+07 -.2947E+06   .9999675 -.0079686 -.0011956
T  531  8 .6447010E+08   3601150E+02  .3242E+06  .1035E+07   .9999925  .0006131  .0038188
T  532  8 .6455543E+08   3601150E+02 -.1351E+07 -.4405E+06   .9999975 -.0021799 -.0004028
T  533  8 .6474979E+08   3601150E+02 -.8290E+06  .1044E+06   .9999934 -.0036217  .0000097
T  534  8 .6445539E+08   3601150E+02  .2432E+07  .9816E+06   .9999696  .0075615  .0019033
T  535  8 .6439374E+08   3601150E+02  .1543E+07 -.1459E+07   .9999916  .0035346 -.0020762
T  536  8 .6469000E+08   3601150E+02  .1263E+07 -.8948E+06   .9999939  .0022769 -.0026641
T  537  8 .6439273E+08   3601150E+02 -.6770E+06  .2367E+06   .9999956 -.0001095  .0029590
T  538  8 .6438553E+08   3601150E+02 -.1219E+07 -.1443E+07   .9999840 -.0032798 -.0046058
T  539  8 .6457492E+08   3601150E+02  .2640E+07 -.5181E+07   .9998695  .0082209 -.0139037
T  540  8 .6462970E+08   3601150E+02 -.2987E+07  .1057E+06   .9999474 -.0100062  .0022412
T  541  8 .6465515E+08   3601150E+02 -.2310E+07 -.7306E+06   .9999558 -.0093889  .0005321
T  542  8 .6468554E+08   3601150E+02 -.8146E+06  .8700E+06   .9999911 -.0016393  .0038864
T  543  8 .6459085E+08   3601150E+02  .2119E+07 -.3487E+06   .9999691  .0078311 -.0006158
T  544  8 .6450821E+08   3601150E+02 -.4073E+07  .5204E+07   .9996987 -.0148525  .0195416
T  545  8 .6481974E+08   3601150E+02 -.3182E+06 -.9322E+06   .9999960  .0001498 -.0028184
T  546  8 .6455162E+08   3601150E+02 -.8292E+06  .4631E+06   .9999943 -.0023192  .0024583
T  547  8 .6460173E+08   3601150E+02  .2167E+07  .2342E+06   .9999877  .0049540  .0002093
T  548  8 .6453588E+08   3601150E+02  .1391E+06 -.3314E+06   .9999980 -.0013614  .0014566
T  549  8 .6454458E+08   3601150E+02  .1340E+07 -.2330E+06   .9999922  .0035044 -.0018123
T  550  8 .6432195E+08   3601150E+02 -.2552E+07  .4419E+07   .9999448 -.0062282  .0084645
T  551  8 .6452610E+08   3601150E+02  .1932E+06  .3780E+06   .9999911  .0005247  .0041809
T  552  8 .6463946E+08   3601150E+02 -.1564E+07  .9299E+06   .9999826 -.0053175  .0025718
T  553  8 .6430285E+08   3601150E+02  .7261E+06 -.1101E+06   .9999928  .0029751  .0023759
T  554  8 .6454968E+08   3601150E+02 -.3265E+06 -.8131E+04   .9999988 -.0015078 -.0001884
T  555  8 .6447999E+08   3601150E+02 -.9542E+06  .1491E+07   .9999783 -.0015884  .0063890
T  556  8 .6431384E+08   3601150E+02  .1190E+06 -.1431E+06   .9999992  .0006473  .0010772
T  557  8 .6460732E+08   3601150E+02  .7228E+06  .3200E+07   .9999542  .0011679  .0094970
T  558  8 .6455790E+08   3601150E+02  .4674E+05  .7958E+05   .9999988 -.0015604  .0000357
T  559  8 .6455997E+08   3601150E+02 -.2224E+06  .5763E+05   .9999990 -.0007446  .0011647
T  560  8 .6459132E+08   3601150E+02 -.1413E+05 -.6506E+06   .9999916 -.0012552 -.0038983
T  561  8 .6474979E+08   3601150E+02  .1277E+07  .2089E+07   .9999695  .0040310  .0066856
T  562  8 .6462171E+08   3601150E+02 -.4055E+07  .1325E+07   .9999163 -.0122468  .0041793
T  563  8 .6430719E+08   3601150E+02  .9899E+06 -.1998E+07   .9999768  .0048967 -.0047431
T  564  8 .6439544E+08   3601150E+02  .1313E+07 -.1311E+07   .9999933  .0026058 -.0025549
T  565  8 .6461379E+08   3601150E+02 -.2417E+07 -.5311E+06   .9999648 -.0083842 -.0001370
T  566  8 .6468801E+08   3601150E+02  .3610E+06 -.4387E+06   .9999910  .0001720 -.0042473
T  567  8 .6457644E+08   3601150E+02  .1912E+06  .2814E+05   .9999999 -.0002532  .0000039
T  568  8 .6454342E+08   3601150E+02  .1650E+07 -.8488E+05   .9999848  .0049783 -.0023675
T  569  8 .6469899E+08   3601150E+02 -.1810E+06 -.1146E+07   .9999980 -.0014560 -.0013910
T  570  8 .6465448E+08   3601150E+02 -.1653E+06  .3960E+06   .9999968  .0024997  .0002812
T  571  8 .6460954E+08   3601150E+02  .4370E+07 -.3329E+07   .9998390  .0142274 -.0109377
T  572  8 .6471613E+08   3601150E+02 -.1927E+07  .9581E+06   .9999848 -.0034382  .0043116
T  573  8 .6462811E+08   3601150E+02 -.4882E+06 -.6550E+06   .9999993 -.0009091 -.0008134
T  574  8 .6448860E+08   3601150E+02 -.1709E+07 -.5598E+06   .9999859 -.0044750 -.0028494
T  575  8 .6472097E+08   3601150E+02 -.1889E+06  .8772E+05   .9999973  .0013091  .0019295
T  576  8 .6442536E+08   3601150E+02  .1099E+07 -.2521E+06   .9999962  .0014500  .0023537
T  577  8 .6454310E+08   3601150E+02  .1177E+07 -.2695E+06   .9999883  .0042165 -.0023667
T  578  8 .6441407E+08   3601150E+02 -.1140E+07  .4970E+05   .9999984 -.0016966 -.0006031
T  579  8 .6473004E+08   3601150E+02 -.6131E+07 -.1544E+07   .9998488 -.0171209 -.0030322
T  580  8 .6456292E+08   3601150E+02  .2946E+07 -.5047E+06   .9999634  .0083714 -.0017537
T  581  8 .6442250E+08   3601150E+02  .1877E+06 -.4651E+06   .9999988  .0001640 -.0015661
T  582  8 .6430470E+08   3601150E+02  .7322E+06 -.6007E+06   .9999920  .0033783 -.0021640
T  583  8 .6465925E+08   3601150E+02  .3859E+06  .7198E+06   .9999941  .0007171  .0033708
T  584  8 .6397823E+08   3601150E+02  .6933E+06  .1557E+06   .9972268 -.0097305 -.0737838
T  585  8 .6443333E+08   3601150E+02 -.8545E+06  .1865E+07   .9999683 -.0014085  .0078393
T  586  8 .6472466E+08   3601150E+02 -.2107E+06  .1022E+07   .9999911 -.0013036  .0040198
T  587  8 .6446215E+08   3601150E+02 -.1415E+07 -.7232E+06   .9999842 -.0037527 -.0041832
T  588  8 .6455980E+08   3601150E+02  .2340E+07  .2333E+07   .9999533  .0058918  .0076578
T  589  8 .6472961E+08   3601150E+02  .1654E+07 -.7144E+06   .9999727  .0072590 -.0013854
T  590  8 .6457132E+08   3601150E+02 -.1081E+06 -.1055E+06   .9999993 -.0008032 -.0008931
T  591  8 .6457609E+08   3601150E+02  .7511E+06 -.2080E+07   .9999794  .0024731 -.0059239
T  592  8 .6487655E+08   3601150E+02  .1060E+07  .1466E+07   .9999588  .0038814  .0082110
T  593  8 .6445874E+08   3601150E+02  .9692E+06 -.1908E+07   .9999468  .0056705 -.0086172
T  594  8 .6469770E+08   3601150E+02 -.7853E+05  .6416E+06   .9999943  .0011963  .0031477
T  595  8 .6463574E+08   3601150E+02 -.8691E+06 -.5813E+06   .9999983 -.0018173 -.0003909
T  596  8 .6460895E+08   3601150E+02  .2749E+06  .1517E+07   .9999673  .0009243  .0080297
T  597  8 .6468565E+08   3601150E+02 -.2108E+06  .1072E+07   .9999958 -.0009534  .0027540
T  598  8 .6456336E+08   3601150E+02 -.2231E+07  .1362E+07   .9999712 -.0060861  .0045421
T  599  8 .6477877E+08   3601150E+02  .2476E+07  .1299E+07   .9999905  .0041274  .0013846
T  600  8 .6442237E+08   3601150E+02  .1109E+07  .7569E+06   .9999833  .0035002  .0045941
T  601  8 .6465189E+08   3601150E+02  .1070E+07  .6247E+06   .9999927  .0032971  .0019419
T  602  8 .6451270E+08   3601150E+02 -.7634E+06 -.6034E+06   .9999832 -.0036082 -.0045303
T  603  8 .6484947E+08   3601150E+02  .7618E+06  .9141E+06   .9999749  .0054811  .0044913
T  604  8 .6472566E+08   3601150E+02 -.2240E+07 -.1289E+07   .9999465 -.0093554 -.0044090
T  605  8 .6447651E+08   3601150E+02 -.3688E+07  .2061E+06   .9999222 -.0124310  .0010754
T  606  8 .6463297E+08   3601150E+02 -.1103E+07  .7370E+06   .9999972 -.0012575  .0020236
T  607  8 .6443438E+08   3601150E+02  .1849E+07 -.1180E+07   .9999774  .0059837 -.0030741
T  608  8 .6423275E+08   3601150E+02 -.2932E+06  .4231E+05   .9999998 -.0005327  .0002014
T  609  8 .6445753E+08   3601150E+02 -.5421E+05  .4529E+07   .9998950 -.0020134  .0143493
T  610  8 .6456357E+08   3601150E+02  .8650E+05 -.1925E+07   .9999903 -.0007908 -.0043290
T  611  8 .6475878E+08   3601150E+02  .1758E+07  .1789E+07   .9999840  .0033709  .0045325
T  612  8 .6446064E+08   3601150E+02 -.1065E+06  .1327E+06   .9999979 -.0018810  .0008204
T  613  8 .6452518E+08   3601150E+02 -.1903E+07 -.1041E+07   .9999912 -.0035335  .0022766
T  614  8 .6464844E+08   3601150E+02  .1532E+07  .1481E+07   .9999839  .0036086  .0043701
T  615  8 .6440385E+08   3601150E+02  .6193E+06  .1203E+07   .9999871  .0024906  .0044185
T  616  8 .6454143E+08   3601150E+02 -.1080E+07 -.4163E+06   .9999962 -.0026471 -.0007996
T  617  8 .6455071E+08   3601150E+02  .9255E+06  .2197E+06   .9999942  .0033823 -.0002582
T  618  8 .6451392E+08   3601150E+02 -.2430E+06  .1510E+06   .9999985  .0006337  .0015886
T  619  8 .6472381E+08   3601150E+02 -.5685E+06  .3186E+06   .9999979 -.0018110  .0009513
T  620  8 .6456587E+08   3601150E+02  .2055E+06 -.2399E+07   .9999840  .0009569 -.0055754
T  621  8 .6467022E+08   3601150E+02  .3861E+06  .1796E+06   .9999988 -.0009682  .0012495
T  622  8 .6465534E+08   3601150E+02  .2288E+07 -.1803E+07   .9999637  .0062942 -.0057390
T  623  8 .6474165E+08   3601150E+02 -.7816E+06  .1518E+06   .9999978 -.0012118 -.0017134
T  624  8 .6461191E+08   3601150E+02  .8169E+06  .1447E+07   .9999906  .0016571  .0040052
T  625  8 .6446404E+08   3601150E+02  .4592E+06  .6521E+06   .9999943  .0030707  .0014362
T  626  8 .6448863E+08   3601150E+02  .4920E+06 -.1204E+07   .9999897  .0034634 -.0029228
T  627  8 .6451155E+08   3601150E+02  .4532E+06  .1359E+07   .9999912  .0014675  .0039196
T  628  8 .6449567E+08   3601150E+02 -.9722E+06  .2486E+06   .9999950 -.0030743 -.0007594
T  629  8 .6475489E+08   3601150E+02 -.1349E+07 -.9415E+06   .9999859 -.0041680 -.0032815
T  630  8 .6479380E+08   3601150E+02  .1183E+06 -.1799E+07   .9999755  .0004988 -.0069890
T  631  8 .6445772E+08   3601150E+02 -.8340E+06 -.4873E+06   .9999965 -.0022930  .0013333
T  632  8 .6459183E+08   3601150E+02  .3615E+07 -.2093E+06   .9998790  .0155058 -.0012516
T  633  8 .6447359E+08   3601150E+02  .1878E+07 -.4339E+07   .9998983  .0045300 -.0135205
T  634  8 .6428344E+08   3601150E+02 -.1423E+07 -.1087E+07   .9999722 -.0060676 -.0043260
T  635  8 .6465606E+08   3601150E+02  .8841E+06 -.1254E+06   .9999962  .0027620  .0001279
T  636  8 .6476458E+08   3601150E+02  .6949E+05  .4165E+06   .9999940  .0025603  .0023269
T  637  8 .6453238E+08   3601150E+02  .1314E+06 -.4737E+06   .9999939  .0024151 -.0025329
T  638  8 .6476837E+08   3601150E+02 -.2122E+07  .2485E+07   .9999567 -.0058906  .0072085
T  639  8 .6428343E+08   3601150E+02  .2364E+07  .4075E+05   .9999837  .0057118  .0001316
T  640  8 .6460941E+08   3601150E+02  .4649E+06 -.7070E+06   .9999983 -.0001484 -.0018168
T  641  8 .6450588E+08   3601150E+02  .3924E+07 -.7539E+06   .9999336  .0111339 -.0029736
T  642  8 .6469319E+08   3601150E+02  .1104E+07 -.4568E+06   .9999907  .0029070 -.0031943
T  643  8 .6451653E+08   3601150E+02  .2005E+07  .1217E+07   .9999801  .0051705  .0036211
T  644  8 .6451056E+08   3601150E+02  .6151E+06  .1911E+07   .9999753  .0020159  .0067323
T  645  8 .6449155E+08   3601150E+02 -.2121E+07  .1645E+07   .9999479 -.0083336  .0058903
T  646  8 .6469726E+08   3601150E+02  .1720E+07  .1877E+06   .9999923  .0038385  .0008614
T  647  8 .6457699E+08   3601150E+02 -.3568E+06  .1805E+07   .9999744 -.0014869  .0069925
T  648  8 .6475306E+08   3601150E+02  .1026E+07  .1333E+07   .9999880  .0037811  .0031022
T  649  8 .6451193E+08   3601150E+02 -.1852E+06 -.5400E+06   .9999990 -.0003697 -.0013736
T  650  8 .6439908E+08   3601150E+02 -.7770E+06 -.1968E+07   .9999802 -.0020298 -.0059629
T  651  8 .6444655E+08   3601150E+02  .4497E+06  .2158E+06   .9999989  .0010611  .0010025
T  652  8 .6445653E+08   3601150E+02 -.3548E+06 -.1008E+07   .9999915 -.0012629 -.0039340
T  653  8 .6466010E+08   3601150E+02  .1564E+07 -.1231E+07   .9999868  .0033450 -.0038932
T  654  8 .6462774E+08   3601150E+02  .1187E+07  .6452E+06   .9999929  .0029090  .0024055
T  655  8 .6446539E+08   3601150E+02 -.1236E+07  .7672E+05   .9999995  .0007997  .0005153
T  656  8 .6432123E+08   3601150E+02  .4616E+06  .2072E+06   .9999987  .0013287  .0009527
T  657  8 .6459533E+08   3601150E+02 -.2002E+07  .2195E+06   .9999903 -.0040118  .0018151
T  658  8 .6470031E+08   3601150E+02  .9715E+06 -.4520E+06   .9999955  .0026489 -.0014004
T  659  8 .6448699E+08   3601150E+02  .5034E+06  .9043E+06   .9999908  .0005950  .0042379
T  660  8 .6474863E+08   3601150E+02  .1123E+07  .1636E+07   .9999637  .0044332  .0072814
T  661  8 .6434031E+08   3601150E+02  .2688E+06 -.8699E+06   .9999987 -.0013771 -.0008359
T  662  8 .6460778E+08   3601150E+02 -.3245E+06 -.1310E+06   .9999984 -.0014630  .0010216
T  663  8 .6466447E+08   3601150E+02  .1433E+07  .1041E+07   .9999875  .0046651  .0018006
T  664  8 .6462288E+08   3601150E+02  .1296E+07 -.1236E+06   .9999909  .0042096 -.0007554
T  665  8 .6449354E+08   3601150E+02  .1369E+07 -.3258E+06   .9999621  .0086881  .0006107
T  666  8 .6455963E+08   3601150E+02 -.1322E+07  .5734E+07   .9998448 -.0027230  .0174078
T  667  8 .6456327E+08   3601150E+02 -.1565E+06 -.2755E+05   .9999951  .0026920  .0015786
T  668  8 .6457783E+08   3601150E+02  .1751E+07  .4851E+06   .9999869  .0051136  .0002974
T  669  8 .6460729E+08   3601150E+02  .1176E+07 -.6334E+06   .9999923  .0031637 -.0023295
T  670  8 .6439778E+08   3601150E+02  .5589E+06  .2546E+07   .9999769  .0004450  .0067849
T  671  8 .6465363E+08   3601150E+02  .2349E+07  .4202E+06   .9999794  .0063947  .0005328
T  672  8 .6445538E+08   3601150E+02 -.4201E+06  .7904E+06   .9999963  .0009515  .0025462
T  673  8 .6449380E+08   3601150E+02  .9350E+06  .8345E+06   .9999884  .0036392  .0031674
T  674  8 .6455909E+08   3601150E+02  .3383E+07  .7906E+06   .9999421  .0107212  .0009730
T  675  8 .6458520E+08   3601150E+02  .1849E+06 -.1092E+07   .9999948  .0029265 -.0013637
T  676  8 .6436867E+08   3601150E+02  .4651E+06  .9390E+06   .9999949  .0015892  .0027734
T  677  8 .6460641E+08   3601150E+02  .5120E+06 -.9337E+06   .9999922  .0028013 -.0027936
T  678  8 .6439282E+08   3601150E+02 -.4276E+06  .1738E+07   .9999834  .0007482  .0057205
T  679  8 .6475341E+08   3601150E+02 -.6089E+06  .1193E+07   .9999933 -.0010027  .0035275
T  680  8 .6444317E+08   3601150E+02  .1137E+07 -.4564E+06   .9999881  .0037983  .0030678
T  681  8 .6471630E+08   3601150E+02 -.2010E+06 -.1740E+07   .9999894 -.0017183 -.0042746
T  682  8 .6443336E+08   3601150E+02 -.2895E+07 -.2626E+06   .9999705 -.0075934 -.0011360
T  683  8 .6455482E+08   3601150E+02  .2481E+07  .8926E+06   .9999713  .0073994  .0016129
T  684  8 .6443687E+08   3601150E+02  .1001E+07  .2347E+06   .9999903  .0042293  .0012633
T  685  8 .6449692E+08   3601150E+02 -.1326E+07  .1962E+06   .9999927 -.0016936  .0034156
T  686  8 .6452055E+08   3601150E+02  .7758E+06  .2145E+06   .9999938  .0035102  .0001723
T  687  8 .6459867E+08   3601150E+02  .1140E+06  .2838E+06   .9999988  .0015392 -.0002100
T  688  8 .6474337E+08   3601150E+02  .4574E+06  .8320E+06   .9999976  .0012441  .0017934
T  689  8 .6450958E+08   3601150E+02  .2334E+07  .7373E+05   .9999368  .0112428 -.0002304
T  690  8 .6431768E+08   3601150E+02  .5542E+07 -.3983E+07   .9998085  .0152811 -.0122243
T  691  8 .6446601E+08   3601150E+02 -.8366E+06 -.1331E+07   .9999772 -.0052273 -.0042650
T  692  8 .6443169E+08   3601150E+02 -.3791E+06  .6703E+06   .9999949 -.0012716  .0029161
T  693  8 .6456816E+08   3601150E+02 -.1912E+07  .8683E+06   .9999904 -.0030052  .0032009
T  694  8 .6447285E+08   3601150E+02 -.3042E+06  .1688E+07   .9999839 -.0013234  .0055151
T  695  8 .6457464E+08   3601150E+02 -.8812E+05 -.6729E+07   .9998106 -.0001615 -.0194615
T  696  8 .6467661E+08   3601150E+02 -.1169E+06 -.2485E+06   .9999969  .0000580 -.0024739
T  697  8 .6456493E+08   3601150E+02 -.7784E+06  .1390E+06   .9999837 -.0050259 -.0027201
T  698  8 .6455554E+08   3601150E+02  .7137E+05  .5169E+06   .9999999  .0002917 -.0004283
T  699  8 .6448831E+08   3601150E+02 -.1973E+06 -.6252E+06   .9999979  .0007726 -.0018823
T  700  8 .6459997E+08   3601150E+02 -.2006E+07 -.2566E+07   .9999484 -.0050150 -.0088293
T  701  8 .6455372E+08   3601150E+02  .3748E+05  .3182E+06   .9999997 -.0002396  .0007022
T  702  8 .6452205E+08   3601150E+02 -.1899E+07  .4733E+06   .9999831 -.0053900  .0021571
T  703  8 .6456974E+08   3601150E+02 -.4142E+06  .3596E+06   .9999977 -.0018946  .0010044
T  704  8 .6453519E+08   3601150E+02 -.6590E+06  .4914E+06   .9999943 -.0014605  .0030331
T  705  8 .6434601E+08   3601150E+02 -.3725E+06 -.8013E+06   .9999773 -.0006205 -.0067134
T  706  8 .6445714E+08   3601150E+02 -.2702E+07 -.5703E+06   .9999528 -.0095300 -.0019090
T  707  8 .6440717E+08   3601150E+02 -.9653E+06  .2590E+06   .9999907 -.0039160  .0018020
T  708  8 .6461738E+08   3601150E+02 -.6889E+06  .6268E+06   .9999923 -.0033214  .0020840
T  709  8 .6452540E+08   3601150E+02  .3301E+06  .6403E+06   .9999921  .0020730  .0033966
T  710  8 .6455125E+08   3601150E+02 -.8530E+06  .2815E+06   .9999936 -.0030428  .0018660
T  711  8 .6459793E+08   3601150E+02  .1509E+06 -.2005E+06   .9999986  .0006124  .0015534
T  712  8 .6469140E+08   3601150E+02  .2233E+06  .6069E+06   .9999972  .0007261  .0022454
T  713  8 .6477572E+08   3601150E+02 -.1712E+07  .2843E+07   .9999404 -.0059511  .0091540
T  714  8 .6453984E+08   3601150E+02  .1839E+07 -.2465E+07   .9999460  .0047823 -.0092299
T  715  8 .6452064E+08   3601150E+02  .3056E+06  .1063E+07   .9999965  .0001531  .0026502
T  716  8 .6446179E+08   3601150E+02 -.1640E+07  .1465E+07   .9999827 -.0014578  .0057073
T  717  8 .6451245E+08   3601150E+02  .6235E+06  .9985E+05   .9999999 -.0000097 -.0003282
T  718  8 .6462596E+08   3601150E+02  .6599E+06 -.1030E+07   .9999963  .0021970 -.0016346
T  719  8 .6447421E+08   3601150E+02 -.2362E+07 -.1348E+06   .9999687 -.0071500 -.0033766
T  720  8 .6479734E+08   3601150E+02  .1287E+06 -.4546E+06   .9999985 -.0010960 -.0013065
T  721  8 .6449767E+08   3601150E+02 -.6158E+06  .6178E+06   .9999974 -.0001233  .0022905
T  722  8 .6444505E+08   3601150E+02 -.8439E+06  .5430E+06   .9999835 -.0046873  .0033087
T  723  8 .6440857E+08   3601150E+02  .5291E+07  .1118E+07   .9998965  .0143495  .0010476
T  724  8 .6447071E+08   3601150E+02  .2083E+06 -.4132E+06   .9999966  .0009792 -.0024147
T  725  8 .6469563E+08   3601150E+02  .1453E+06  .5258E+06   .9999951 -.0010142  .0029561
T  726  8 .6469220E+08   3601150E+02 -.5809E+06 -.1372E+07   .9999844 -.0039268 -.0039606
T  727  8 .6467807E+08   3601150E+02  .4084E+07 -.6546E+06   .9999297  .0117822 -.0013395
T  728  8 .6444212E+08   3601150E+02 -.5396E+06 -.2070E+07   .9999870 -.0015195 -.0048586
T  729  8 .6461277E+08   3601150E+02 -.3518E+06  .1521E+07   .9999880  .0004526  .0048868
T  730  8 .6446562E+08   3601150E+02 -.1645E+07  .5929E+06   .9999745 -.0062763  .0033934
T  731  8 .6444356E+08   3601150E+02  .1742E+07 -.1174E+07   .9999937  .0031044 -.0017221
T  732  8 .6465159E+08   3601150E+02 -.3381E+06  .3288E+06   .9999999  .0002164 -.0004104
T  733  8 .6461057E+08   3601150E+02  .8924E+06  .1362E+07   .9999914  .0015406  .0038542
T  734  8 .6430037E+08   3601150E+02 -.2453E+07  .1873E+07   .9999572 -.0086045  .0034091
T  735  8 .6457684E+08   3601150E+02  .6684E+06 -.2880E+06   .9999982  .0014803 -.0011793
T  736  8 .6217070E+08   3601150E+02  .4035E+08 -.3742E+08   .9881673  .1126384 -.1041054
T  737  8 .6460193E+08   3601150E+02 -.7399E+06  .5423E+06   .9999942 -.0027414  .0020195
T  738  8 .6440336E+08   3601150E+02 -.8741E+07 -.1505E+07   .9997548 -.0220156 -.0023830
T  739  8 .6464833E+08   3601150E+02  .2952E+06 -.1749E+07   .9999789  .0031804 -.0056676
T  740  8 .6462768E+08   3601150E+02  .3836E+06  .1207E+06   .9999995  .0007168 -.0007563
T  741  8 .6468602E+08   3601150E+02 -.2297E+06 -.1777E+07   .9999967 -.0007835 -.0024453
T  742  8 .6460722E+08   3601150E+02 -.5634E+05  .6143E+06   .9999978  .0002137  .0020726
T  743  8 .6429159E+08   3601150E+02  .9644E+06  .6101E+06   .9999929  .0035294  .0012976
T  744  8 .6466619E+08   3601150E+02 -.8377E+06 -.9481E+06   .9999914 -.0034281 -.0023493
T  745  8 .6450202E+08   3601150E+02  .2467E+07  .1119E+07   .9999678  .0077751  .0019836
T  746  8 .6459850E+08   3601150E+02  .1186E+07  .2633E+07   .9999656  .0051300  .0065192
T  747  8 .6462022E+08   3601150E+02  .1865E+06 -.1845E+06   .9999977  .0014776  .0015506
T  748  8 .6440418E+08   3601150E+02  .6244E+06  .2056E+06   .9999975  .0011009  .0019221
T  749  8 .6462328E+08   3601150E+02 -.9689E+06  .1853E+07   .9999745 -.0036730  .0061266
T  750  8 .6465933E+08   3601150E+02 -.2095E+07  .1474E+07   .9999781 -.0056187  .0035037
T  751  8 .6446346E+08   3601150E+02 -.4623E+06 -.7815E+06   .9999971  .0008619 -.0022674
T  752  8 .6464282E+08   3601150E+02  .8827E+05  .6854E+06   .9999995  .0005258  .0008331
T  753  8 .6450313E+08   3601150E+02 -.3174E+06 -.2250E+07   .9999796  .0000841 -.0063810
T  754  8 .6473300E+08   3601150E+02 -.1074E+07  .7051E+06   .9999959 -.0024587  .0014801
T  755  8 .6478228E+08   3601150E+02 -.1300E+07 -.9033E+06   .9999891 -.0046610 -.0003487
T  756  8 .6444161E+08   3601150E+02  .6765E+06  .8140E+06   .9999879  .0049077 -.0001934
T  757  8 .6469730E+08   3601150E+02  .5218E+06 -.1765E+07   .9999883  .0016248 -.0045547
T  758  8 .6446588E+08   3601150E+02  .1421E+07 -.5724E+05   .9999840  .0053989 -.0017083
T  759  8 .6469233E+08   3601150E+02  .5770E+06  .1239E+07   .9999963  .0000495  .0027219
T  760  8 .6441917E+08   3601150E+02  .1373E+06 -.2421E+06   .9999999  .0004431  .0002656
T  761  8 .6444054E+08   3601150E+02  .1183E+07  .1330E+07   .9999873  .0029222  .0041058
T  762  8 .6432054E+08   3601150E+02 -.2776E+06  .1550E+07   .9999923 -.0010743  .0037655
T  763  8 .6449732E+08   3601150E+02  .7671E+06  .1809E+07   .9999949  .0014573  .0028538
T  764  8 .6436915E+08   3601150E+02 -.1003E+07 -.1196E+07   .9999919 -.0033174 -.0022879
T  765  8 .6452788E+08   3601150E+02 -.1237E+07  .5606E+06   .9999847 -.0047636  .0028154
T  766  8 .6449354E+08   3601150E+02 -.1140E+07  .1057E+07   .9999833 -.0040513  .0041294
T  767  8 .6448370E+08   3601150E+02 -.3766E+06  .7787E+06   .9999981  .0005728  .0018469
T  768  8 .6433658E+08   3601150E+02  .1630E+07 -.1306E+07   .9999855  .0050699 -.0018351
T  769  8 .6437664E+08   3601150E+02 -.3904E+06  .7607E+06   .9999955 -.0022562  .0019527
T  770  8 .6468545E+08   3601150E+02 -.6539E+06 -.6579E+06   .9999991 -.0012392 -.0004087
T  771  8 .6458995E+08   3601150E+02  .7828E+06  .7528E+05   .9999843  .0054853  .0011099
T  772  8 .6456589E+08   3601150E+02 -.5961E+06 -.1413E+07   .9999841 -.0043607 -.0035730
T  773  8 .6464805E+08   3601150E+02 -.4034E+06  .5409E+07   .9999067 -.0013207  .0135964
T  774  8 .6452657E+08   3601150E+02  .9655E+05 -.1422E+07   .9999936 -.0010390 -.0034232
T  775  8 .6433937E+08   3601150E+02 -.1521E+07 -.6852E+05   .9999900 -.0044802  .0000901
T  776  8 .6448045E+08   3601150E+02  .1159E+07  .8372E+06   .9999921  .0037767  .0012672
T  777  8 .6453760E+08   3601150E+02  .1657E+06 -.4740E+05   .9999997  .0006292 -.0004669
T  778  8 .6451494E+08   3601150E+02 -.4544E+07  .4441E+07   .9998479 -.0116187  .0130091
T  779  8 .6452270E+08   3601150E+02 -.1761E+06 -.8199E+06   .9999963 -.0012607 -.0024124
T  780  8 .6450815E+08   3601150E+02  .3323E+06 -.1495E+06   .9999976  .0016960  .0013530
T  781  8 .6434976E+08   3601150E+02 -.2320E+07  .3114E+07   .9999312 -.0077519  .0088011
T  782  8 .6464363E+08   3601150E+02  .1256E+06  .5332E+06   .9999995 -.0000493  .0009992
T  783  8 .6457924E+08   3601150E+02 -.2487E+07 -.7288E+06   .9999769 -.0067884  .0001851
T  784  8 .6459526E+08   3601150E+02  .3763E+06  .1365E+07   .9999919  .0000716  .0040289
T  785  8 .6447902E+08   3601150E+02  .2854E+07  .4534E+07   .9998009  .0101452  .0171814
T  786  8 .6446084E+08   3601150E+02  .3101E+06  .1805E+07   .9999945  .0012207  .0030830
T  787  8 .6459218E+08   3601150E+02 -.1568E+06 -.1784E+07   .9999898 -.0014311 -.0042742
T  788  8 .6448084E+08   3601150E+02 -.1819E+06 -.3909E+06   .9999971 -.0005442 -.0023276
T  789  8 .6460218E+08   3601150E+02 -.1460E+07 -.3962E+05   .9999964 -.0025749  .0007866
T  790  8 .6449674E+08   3601150E+02 -.1525E+06  .3005E+06   .9999998 -.0005869 -.0002302
T  791  8 .6455763E+08   3601150E+02  .3817E+06  .1861E+06   .9999985  .0004094  .0016593
T  792  8 .6460360E+08   3601150E+02 -.2136E+06  .1534E+06   .9999992 -.0005377  .0011040
T  793  8 .6452779E+08   3601150E+02 -.4696E+05  .1124E+07   .9999567 -.0017712  .0091348
T  794  8 .6460124E+08   3601150E+02  .9700E+05 -.8252E+06   .9999941  .0025049 -.0023331
T  795  8 .6473429E+08   3601150E+02  .4911E+07 -.5209E+06   .9997544  .0221562 -.0004121
T  796  8 .6446807E+08   3601150E+02 -.1424E+07  .3590E+07   .9999153 -.0049604  .0120343
T  797  8 .6457480E+08   3601150E+02  .6185E+06  .8648E+06   .9999956  .0026264  .0013816
T  798  8 .6463808E+08   3601150E+02  .9937E+05 -.6567E+06   .9999972 -.0015716 -.0017510
T  799  8 .6468782E+08   3601150E+02  .2110E+07 -.1155E+06   .9999776  .0065440 -.0013818
T  800  8 .6465148E+08   3601150E+02 -.1379E+07  .8934E+06   .9999867 -.0049798  .0013740
T  801  8 .6454892E+08   3601150E+02  .3910E+07  .1524E+07   .9999490  .0097373  .0026822
T  802  8 .6461331E+08   3601150E+02  .7107E+06 -.1211E+07   .9999986  .0012220 -.0011430
T  803  8 .6446333E+08   3601150E+02  .5471E+06 -.2227E+06   .9999951  .0027121 -.0015804
T  804  8 .6468660E+08   3601150E+02  .2797E+07 -.7622E+06   .9999505  .0087200 -.0047985
T  805  8 .6450220E+08   3601150E+02 -.1218E+06 -.1140E+07   .9999963  .0002233 -.0027173
T  806  8 .6450021E+08   3601150E+02 -.1209E+07  .1464E+07   .9999142 -.0088481  .0096640
T  807  8 .6461165E+08   3601150E+02 -.8094E+05  .9534E+06   .9999847 -.0030907  .0045836
T  808  8 .6426918E+08   3601150E+02  .2283E+07 -.8741E+07   .9987306  .0101719 -.0493331
T  809  8 .6466263E+08   3601150E+02 -.4286E+07  .6434E+06   .9999213 -.0124936  .0011476
T  810  8 .6467676E+08   3601150E+02 -.2073E+05 -.7148E+06   .9999957  .0006353 -.0028559
T  811  8 .6465030E+08   3601150E+02  .8503E+06  .2491E+06   .9999993  .0009646  .0006280
T  812  8 .6446876E+08   3601150E+02 -.1296E+07  .1436E+06   .9999922 -.0031847  .0023381
T  813  8 .6458713E+08   3601150E+02  .9277E+06  .8816E+06   .9999963  .0002081  .0027038
T  814  8 .6461037E+08   3601150E+02 -.1265E+07  .1203E+06   .9999970 -.0023123 -.0008493
T  815  8 .6458495E+08   3601150E+02  .3863E+05  .1269E+07   .9999924  .0021865  .0032243
T  816  8 .6461498E+08   3601150E+02  .2546E+06 -.9250E+06   .9999982 -.0012899 -.0013851
T  817  8 .6456404E+08   3601150E+02  .1261E+06  .1437E+06   .9999954  .0016209  .0025693
T  818  8 .6457216E+08   3601150E+02 -.1874E+06 -.2338E+07   .9999772  .0019548 -.0064646
T  819  8 .6454702E+08   3601150E+02  .1403E+07  .1553E+07   .9999616  .0034387  .0080646
T  820  8 .6443436E+08   3601150E+02  .6404E+05  .2564E+06   .9999992  .0000048 -.0012852
T  821  8 .6448897E+08   3601150E+02  .2059E+07  .9999E+06   .9999722  .0065794  .0035186
T  822  8 .6452670E+08   3601150E+02  .1742E+04 -.7640E+06   .9999990 -.0010322 -.0009895
T  823  8 .6447960E+08   3601150E+02 -.7416E+06 -.4718E+06   .9999846 -.0032297 -.0045164
T  824  8 .6442890E+08   3601150E+02 -.8333E+06  .1297E+06   .9999986 -.0016302  .0003485
T  825  8 .6456378E+08   3601150E+02 -.5701E+06 -.1426E+07   .9999853  .0005501 -.0053855
T  826  8 .6462091E+08   3601150E+02 -.2715E+06 -.9373E+06   .9999924  .0004279 -.0038716
T  827  8 .6470013E+08   3601150E+02 -.4633E+06 -.1990E+06   .9999956 -.0017269 -.0024299
T  828  8 .6453042E+08   3601150E+02  .2586E+06  .2661E+05   .9999985  .0016600 -.0003964
T  829  8 .6449461E+08   3601150E+02 -.6423E+06 -.9727E+06   .9999799 -.0015363 -.0061582
T  830  8 .6462876E+08   3601150E+02  .1574E+07  .2162E+06   .9999838  .0056850  .0002588
T  831  8 .6451754E+08   3601150E+02 -.2184E+07 -.3423E+06   .9999272 -.0120361  .0008148
T  832  8 .6451705E+08   3601150E+02  .2827E+07 -.1294E+07   .9999423  .0099455 -.0040568
T  833  8 .6437848E+08   3601150E+02  .1121E+07 -.1049E+07   .9999867  .0040959 -.0031246
T  834  8 .6466255E+08   3601150E+02 -.1917E+06 -.3700E+06   .9999991  .0004987 -.0012341
T  835  8 .6455815E+08   3601150E+02  .2337E+07 -.9118E+06   .9999655  .0071425 -.0042325
T  836  8 .6451616E+08   3601150E+02  .3497E+07  .2514E+07   .9998888  .0102738  .0108047
T  837  8 .6450617E+08   3601150E+02 -.4533E+05  .2837E+06   .9999993  .0011557 -.0000204
T  838  8 .6447872E+08   3601150E+02 -.8739E+06 -.3938E+06   .9999817 -.0060413  .0001685
T  839  8 .6444843E+08   3601150E+02  .7542E+06 -.5777E+06   .9999949  .0026483 -.0018101
T  840  8 .6422734E+08   3601150E+02 -.1919E+07  .1075E+07   .9999794 -.0063654  .0008379
T  841  8 .6467318E+08   3601150E+02  .1583E+07  .6556E+06   .9999916  .0033941  .0023094
T  842  8 .6453439E+08   3601150E+02 -.1257E+07  .2525E+06   .9999939 -.0034392  .0005232
T  843  8 .6460308E+08   3601150E+02  .1396E+07  .1480E+07   .9999964  .0009330  .0025226
T  844  8 .6452364E+08   3601150E+02  .1741E+07 -.1559E+07   .9999186  .0092954 -.0087456
T  845  8 .6456311E+08   3601150E+02  .5229E+06  .3220E+07   .9999415  .0018768  .0106571
T  846  8 .6452875E+08   3601150E+02  .2175E+06  .1252E+06   .9999986  .0016576 -.0002674
T  847  8 .6463432E+08   3601150E+02  .6441E+06  .8914E+05   .9999974  .0018572  .0013277
T  848  8 .6442974E+08   3601150E+02  .2578E+07  .9895E+06   .9999497  .0089080  .0046113
T  849  8 .6460625E+08   3601150E+02 -.2644E+06 -.2028E+07   .9999774 -.0031337 -.0059559
T  850  8 .6459720E+08   3601150E+02 -.4200E+04 -.1764E+06   .9999971 -.0000054  .0024283
T  851  8 .6446483E+08   3601150E+02  .4473E+06  .5782E+06   .9999962  .0016998  .0021809
T  852  8 .6453414E+08   3601150E+02  .8901E+06 -.7713E+06   .9999866  .0037497 -.0035759
T  853  8 .6461546E+08   3601150E+02  .3213E+06 -.1112E+06   .9999912  .0035415 -.0022506
T  854  8 .6466656E+08   3601150E+02 -.3233E+07 -.2178E+06   .9999712 -.0075602  .0006907
T  855  8 .6436958E+08   3601150E+02  .1308E+07  .1142E+07   .9999888  .0035853  .0030999
T  856  8 .6459846E+08   3601150E+02 -.6537E+06 -.2071E+06   .9999867 -.0050281 -.0011065
T  857  8 .6477854E+08   3601150E+02  .1776E+07  .5987E+06   .9999734  .0072736  .0005914
T  858  8 .6462066E+08   3601150E+02 -.2675E+06  .9979E+06   .9999910  .0000839  .0042515
T  859  8 .6456218E+08   3601150E+02 -.4901E+06  .1680E+07   .9999782  .0005018  .0065773
T  860  8 .6463040E+08   3601150E+02  .1413E+06 -.2084E+06   .9998540 -.0164529  .0046050
T  861  8 .6455955E+08   3601150E+02 -.2059E+06  .2452E+07   .9999793  .0009001  .0063776
T  862  8 .6473516E+08   3601150E+02 -.3121E+06 -.1314E+07   .9999964 -.0002526 -.0026715
T  863  8 .6448204E+08   3601150E+02  .1007E+07 -.2050E+07   .9999757  .0033804 -.0060952
T  864  8 .6479609E+08   3601150E+02  .9096E+06  .1281E+06   .9999950  .0031598 -.0000247
T  865  8 .6445208E+08   3601150E+02  .2190E+07  .1469E+07   .9999616  .0086155  .0015737
T  866  8 .6465968E+08   3601150E+02  .8779E+06  .2032E+07   .9999714  .0039006  .0064741
T  867  8 .6450145E+08   3601150E+02 -.3070E+06  .3022E+07   .9999704 -.0019548  .0074396
T  868  8 .6455291E+08   3601150E+02 -.3051E+06 -.6309E+06   .9999845 -.0041572 -.0036951
T  869  8 .6458060E+08   3601150E+02  .4786E+06 -.6236E+05   .9999963  .0026882  .0004734
T  870  8 .6442052E+08   3601150E+02  .3455E+06  .3245E+06   .9999969  .0002857  .0024737
T  871  8 .6465745E+08   3601150E+02 -.1673E+07  .3558E+07   .9999514 -.0053330  .0082880
T  872  8 .6442145E+08   3601150E+02 -.3008E+07 -.2480E+06   .9999546 -.0094440  .0012455
T  873  8 .6451313E+08   3601150E+02  .8839E+06 -.1368E+07   .9999933  .0010593 -.0035025
T  874  8 .6454728E+08   3601150E+02  .3785E+06  .3987E+06   .9999950  .0009497 -.0030029
T  875  8 .6456382E+08   3601150E+02  .1098E+07  .1880E+07   .9999644 -.0005967  .0084218
T  876  8 .6434580E+08   3601150E+02  .9617E+05  .4282E+06   .9999982  .0013804  .0012710
T  877  8 .6436818E+08   3601150E+02  .6655E+06 -.8197E+06   .9999959  .0017896 -.0022510
T  878  8 .6435476E+08   3601150E+02 -.5492E+07  .9727E+06   .9996760 -.0251470  .0039407
T  879  8 .6463519E+08   3601150E+02  .9290E+06 -.6839E+06   .9999995  .0007332 -.0007441
T  880  8 .6450973E+08   3601150E+02  .1852E+07  .2214E+07   .9999637  .0068160  .0051092
T  881  8 .6454935E+08   3601150E+02 -.2352E+07  .6650E+06   .9998585 -.0159449  .0053664
T  882  8 .6452941E+08   3601150E+02 -.7989E+06 -.1582E+05   .9999979 -.0020551 -.0000349
T  883  8 .6438681E+08   3601150E+02 -.5022E+06  .5546E+05   .9999947 -.0031743  .0006920
T  884  8 .6452138E+08   3601150E+02 -.4708E+06 -.1593E+06   .9999996 -.0000131 -.0008746
T  885  8 .6449554E+08   3601150E+02  .1766E+07  .2995E+06   .9999740  .0070316  .0015728
T  886  8 .6439403E+08   3601150E+02 -.1439E+06 -.1660E+07   .9999856  .0002399 -.0053659
T  887  8 .6464678E+08   3601150E+02  .2900E+07 -.8684E+06   .9999657  .0082818 -.0002053
T  888  8 .6458402E+08   3601150E+02  .1344E+07  .2624E+06   .9999365  .0022233  .0110472
T  889  8 .6434657E+08   3601150E+02  .7725E+06  .9988E+06   .9999952  .0017915  .0025248
T  890  8 .6453967E+08   3601150E+02 -.8142E+06  .2696E+06   .9999909 -.0032849  .0027193
T  891  8 .6453244E+08   3601150E+02 -.2292E+06 -.7205E+06   .9999942 -.0022014 -.0025910
T  892  8 .6461393E+08   3601150E+02  .1390E+07 -.5463E+06   .9999872  .0036348 -.0035283
T  893  8 .6445502E+08   3601150E+02 -.8149E+06 -.4106E+07   .9998791 -.0044337 -.0149024
T  894  8 .6466160E+08   3601150E+02  .6329E+06 -.3131E+06   .9999912  .0037221 -.0019386
T  895  8 .6442766E+08   3601150E+02 -.3322E+06 -.8825E+06   .9999942 -.0000057 -.0034010
T  896  8 .6461355E+08   3601150E+02 -.2784E+07 -.1357E+07   .9999466 -.0093024 -.0045007
T  897  8 .6444879E+08   3601150E+02 -.1091E+06  .1046E+07   .9999969 -.0003588  .0024834
T  898  8 .6436418E+08   3601150E+02 -.3425E+06 -.3653E+07   .9998970  .0007815 -.0143284
T  899  8 .6455659E+08   3601150E+02 -.9720E+06 -.8923E+06   .9999927 -.0023579 -.0030097
T  900  8 .6473710E+08   3601150E+02  .4813E+06  .1376E+07   .9999994  .0001384  .0011018
T  901  8 .6461135E+08   3601150E+02  .1113E+07 -.1422E+07   .9999822  .0038112 -.0045981
T  902  8 .6456813E+08   3601150E+02  .1737E+02  .1440E+07   .9998062  .0111861  .0161991
T  903  8 .6450076E+08   3601150E+02 -.1080E+07 -.1233E+07   .9999860 -.0035863 -.0038972
T  904  8 .6450705E+08   3601150E+02 -.1846E+07  .1069E+07   .9999855 -.0028891  .0045481
T  905  8 .6462998E+08   3601150E+02 -.1171E+07 -.6443E+04   .9999973 -.0018469 -.0014346
T  906  8 .6446163E+08   3601150E+02 -.1064E+07 -.4893E+06   .9999941 -.0033846 -.0006257
T  907  8 .6446730E+08   3601150E+02  .7015E+04 -.1828E+06   .9999997  .0005248  .0005314
T  908  8 .6457367E+08   3601150E+02 -.5837E+07  .3845E+07   .9998288 -.0155352  .0100475
T  909  8 .6448120E+08   3601150E+02 -.3890E+07  .3346E+07   .9999219 -.0083142  .0093280
T  910  8 .6466153E+08   3601150E+02 -.3327E+06 -.1056E+07   .9999907 -.0031955 -.0028976
T  911  8 .6454470E+08   3601150E+02  .1188E+05  .2351E+07   .9999836 -.0002776  .0057209
T  912  8 .6456435E+08   3601150E+02 -.5265E+06  .1570E+07   .9999872 -.0008748  .0049740
T  913  8 .6445347E+08   3601150E+02  .4122E+06  .5723E+06   .9999955  .0005010  .0029645
T  914  8 .6471302E+08   3601150E+02  .4302E+06  .7633E+06   .9999938  .0012397  .0032948
T  915  8 .6443943E+08   3601150E+02  .1588E+06  .1096E+07   .9999898  .0028403  .0035226
T  916  8 .6442039E+08   3601150E+02 -.5242E+06  .5839E+06   .9999955  .0002158  .0029889
T  917  8 .6446394E+08   3601150E+02 -.6918E+06 -.8338E+06   .9999928 -.0033753 -.0017275
T  918  8 .6451568E+08   3601150E+02 -.1079E+07  .2656E+07   .9999628 -.0050340  .0070052
T  919  8 .6458131E+08   3601150E+02 -.1373E+05  .1405E+07   .9999940 -.0012250  .0032336
T  920  8 .6451071E+08   3601150E+02  .7131E+06  .1622E+06   .9999874  .0049741 -.0005999
T  921  8 .6453515E+08   3601150E+02  .7579E+06  .7413E+06   .9999923  .0017212  .0035249
T  922  8 .6471950E+08   3601150E+02  .4652E+06 -.4694E+06   .9999976  .0011585  .0018443
T  923  8 .6447964E+08   3601150E+02  .2136E+07 -.4368E+06   .9999770  .0066537 -.0013298
T  924  8 .6468859E+08   3601150E+02  .1844E+06  .1046E+07   .9999740  .0026598  .0067093
T  925  8 .6441338E+08   3601150E+02  .1248E+07  .5428E+05   .9999854  .0043823  .0031725
T  926  8 .6464588E+08   3601150E+02 -.7613E+06 -.5307E+06   .9999997 -.0008311 -.0000629
T  927  8 .6450986E+08   3601150E+02 -.2249E+07  .8351E+06   .9999685 -.0062873  .0048489
T  928  8 .6471137E+08   3601150E+02  .2004E+06  .6889E+06   .9999953  .0022435  .0020878
T  929  8 .6459554E+08   3601150E+02 -.7105E+06 -.2586E+07   .9999619 -.0032073 -.0081228
T  930  8 .6438701E+08   3601150E+02 -.5616E+06 -.3034E+06   .9999955 -.0027766 -.0011340
T  931  8 .6457558E+08   3601150E+02  .2601E+06 -.1188E+07   .9999889  .0005387 -.0046868
T  932  8 .6461949E+08   3601150E+02 -.4383E+06  .7338E+06   .9999969 -.0022176  .0011183
T  933  8 .6447517E+08   3601150E+02 -.1887E+06  .8699E+06   .9999967 -.0009316  .0023916
T  934  8 .6460598E+08   3601150E+02 -.9697E+06 -.2765E+07   .9999294 -.0055770 -.0104952
T  935  8 .6435331E+08   3601150E+02 -.6603E+06  .1357E+07   .9999834 -.0026684  .0050998
T  936  8 .6455535E+08   3601150E+02 -.3913E+05  .6794E+05   .9999987 -.0015861 -.0000520
T  937  8 .6454801E+08   3601150E+02 -.9387E+06  .3655E+06   .9999974 -.0011845  .0019634
T  938  8 .6460666E+08   3601150E+02 -.9965E+06  .8014E+04   .9999934 -.0036384 -.0000564
T  939  8 .6476755E+08   3601150E+02  .4746E+07 -.2708E+07   .9999067  .0120590 -.0064208
T  940  8 .6451275E+08   3601150E+02 -.5414E+06 -.5307E+06   .9999952 -.0024840 -.0018624
T  941  8 .6448756E+08   3601150E+02  .1733E+06  .6614E+06   .9999960  .0019233  .0020762
T  942  8 .6446042E+08   3601150E+02 -.8629E+06  .7641E+06   .9999965 -.0023985  .0010902
T  943  8 .6459865E+08   3601150E+02  .4379E+07  .3513E+06   .9998161  .0191700 -.0005044
T  944  8 .6449450E+08   3601150E+02 -.1072E+07 -.1850E+06   .9999924 -.0036290 -.0014387
T  945  8 .6471402E+08   3601150E+02 -.5388E+06 -.4602E+05   .9999968 -.0025379  .0001358
T  946  8 .6452817E+08   3601150E+02 -.1979E+06  .3136E+06   .9999984 -.0011357  .0013953
T  947  8 .6430726E+08   3601150E+02 -.2601E+06 -.5344E+06   .9999968  .0024482 -.0006128
T  948  8 .6477191E+08   3601150E+02  .3457E+06  .8222E+06   .9999891 -.0006943  .0046204
T  949  8 .6454423E+08   3601150E+02 -.9337E+06 -.1399E+07   .9999860 -.0032042 -.0042105
T  950  8 .6433046E+08   3601150E+02 -.2438E+07 -.1326E+06   .9999821 -.0059803  .0002959
T  951  8 .6441121E+08   3601150E+02  .2972E+07 -.9257E+06   .9999716  .0075126 -.0005768
T  952  8 .6475054E+08   3601150E+02 -.1779E+07 -.1479E+06   .9999781 -.0063038 -.0020198
T  953  8 .6451689E+08   3601150E+02  .3005E+06  .1346E+06   .9999986 -.0003603 -.0016222
T  954  8 .6458463E+08   3601150E+02 -.9299E+06  .4193E+06   .9999954 -.0029533  .0006762
T  955  8 .6447702E+08   3601150E+02 -.1264E+06 -.1262E+07   .9999891 -.0012459 -.0044895
T  956  8 .6467113E+08   3601150E+02  .5235E+06 -.1753E+07   .9999813  .0010357 -.0060354
T  957  8 .6460914E+08   3601150E+02 -.1561E+06  .1142E+06   .9999987 -.0010823  .0011813
T  958  8 .6464486E+08   3601150E+02 -.4898E+06  .5117E+06   .9999978 -.0016900  .0012148
T  959  8 .6454501E+08   3601150E+02  .8925E+06  .1988E+06   .9999893  .0045269 -.0009350
T  960  8 .6441840E+08   3601150E+02 -.3546E+06  .5170E+05   .9999982 -.0017586 -.0006932
T  961  8 .6441616E+08   3601150E+02 -.4421E+06 -.1970E+07   .9999820  .0010889 -.0059036
T  962  8 .6450589E+08   3601150E+02 -.2563E+07  .2263E+07   .9999593 -.0067405  .0059944
T  963  8 .6466551E+08   3601150E+02  .8854E+06 -.2995E+06   .9999903  .0041144 -.0015728
T  964  8 .6439597E+08   3601150E+02  .1724E+07  .2085E+06   .9999849  .0035428  .0041923
T  965  8 .6457145E+08   3601150E+02 -.4622E+06 -.1038E+07   .9999936 -.0014458 -.0032768
T  966  8 .6446401E+08   3601150E+02  .6074E+05 -.1202E+07   .9999948  .0005542 -.0031756
T  967  8 .6449750E+08   3601150E+02  .7490E+06  .1274E+07   .9999794  .0039526  .0050553
T  968  8 .6453643E+08   3601150E+02 -.6707E+06  .1423E+07   .9999888 -.0010166  .0046195
T  969  8 .6438784E+08   3601150E+02 -.8009E+06 -.1295E+07   .9999947 -.0026351 -.0019313
T  970  8 .6441648E+08   3601150E+02 -.1538E+07  .7319E+05   .9999863 -.0050050  .0015511
T  971  8 .6453449E+08   3601150E+02  .5553E+06  .3963E+06   .9999964  .0024977 -.0009437
T  972  8 .6445828E+08   3601150E+02  .1944E+06 -.5989E+06   .9999951  .0008202 -.0030085
T  973  8 .6435737E+08   3601150E+02 -.7290E+06  .6546E+06   .9999953 -.0000083  .0030658
T  974  8 .6460221E+08   3601150E+02  .2072E+07  .6946E+06   .9999748  .0063728  .0031236
T  975  8 .6449798E+08   3601150E+02  .1040E+06  .1025E+07   .9999949  .0013599  .0028957
T  976  8 .6465000E+08   3601150E+02 -.1052E+07 -.3956E+06   .9999933 -.0034140  .0013018
T  977  8 .6477913E+08   3601150E+02  .1434E+05 -.2444E+04   .9999987  .0016165  .0001544
T  978  8 .6458820E+08   3601150E+02 -.6448E+05  .4989E+06   .9999999  .0000582  .0004269
T  979  8 .6437011E+08   3601150E+02 -.4522E+06 -.1820E+07   .9999837 -.0032612 -.0046913
T  980  8 .6457255E+08   3601150E+02  .2283E+07 -.9035E+06   .9999633  .0083966 -.0017065
T  981  8 .6468923E+08   3601150E+02  .1237E+07 -.1435E+07   .9999896  .0030574 -.0033964
T  982  8 .6457493E+08   3601150E+02 -.1460E+06 -.6819E+06   .9999985  .0006923 -.0016036
T  983  8 .6443867E+08   3601150E+02 -.4958E+06  .1524E+07   .9999859 -.0012624  .0051515
T  984  8 .6447442E+08   3601150E+02 -.1671E+06 -.8154E+06   .9999978  .0011972 -.0017361
T  985  8 .6437206E+08   3601150E+02  .3941E+06  .2335E+07   .9999285  .0047523  .0109763
T  986  8 .6465213E+08   3601150E+02  .3808E+07 -.3073E+06   .9998920  .0145120 -.0023395
T  987  8 .6440832E+08   3601150E+02 -.1771E+07 -.5986E+06   .9999828 -.0055582 -.0018590
T  988  8 .6444457E+08   3601150E+02 -.2783E+07  .2021E+07   .9999503 -.0081043  .0058124
T  989  8 .6461616E+08   3601150E+02  .1252E+07  .3913E+06   .9999973  .0018126 -.0014551
T  990  8 .6453849E+08   3601150E+02  .3891E+06 -.7513E+06   .9999985  .0003649 -.0017189
T  991  8 .6482469E+08   3601150E+02 -.1708E+07 -.1304E+07   .9999780 -.0057402 -.0033321
T  992  8 .6450576E+08   3601150E+02  .5516E+06  .4376E+06   .9999982  .0013392  .0013493
T  993  8 .6437093E+08   3601150E+02 -.1590E+07  .2157E+07   .9999231 -.0094603  .0080127
T  994  8 .6457343E+08   3601150E+02  .4322E+06 -.8147E+06   .9999946  .0014326 -.0029525
T  995  8 .6454046E+08   3601150E+02 -.2281E+07  .3453E+06   .9999