============================== SRIM-2013.00 ==============================
==============================================================================
=================  TRANSMIT.txt : File of Transmitted Ions  ==================
=  This file tabulates the kinetics of ions or atoms leaving the target.     =
=  Column #1: S= Sputtered Atom, B= Backscattered Ion, T= Transmitted Ion.   =
=  Col.#2: Ion Number, Col.#3: Z of atom leaving, Col.#4: Atom energy (eV).  =
=  Col.#5-7: Last location:  X= Depth into target, Y,Z= Transverse axes.     =
=  Col.#8-10: Cosines of final trajectory.                                   =
= *** This data file is in the same format as TRIM.DAT (see manual for uses).=
====== TRIM Calc.=  O(76.5 MeV) ==> Mylar_IC+CF4_IC+Mylar_CF( 45.6 mm) =======
 Ion  Atom   Energy        Depth       Lateral-Position        Atom Direction      
 Numb Numb    (eV)          X(A)        Y(A)       Z(A)      Cos(X)  Cos(Y) Cos(Z) 
T   33  8 .5467751E+08   4561631E+02  .3212E+07 -.1668E+07   .9999840  .0042265 -.0037726
T   34  8 .6113867E+08   4561630E+02  .4840E+06 -.5749E+06   .9999937  .0024739 -.0025507
T   35  8 .6114004E+08   4561630E+02  .6419E+06  .1232E+07   .9999996 -.0003472  .0008728
T   36  8 .6072524E+08   4561630E+02 -.4135E+06 -.3680E+05   .9999796 -.0056871  .0028921
T   37  8 .6073679E+08   4561630E+02  .1437E+07 -.1555E+07   .9999774  .0062750 -.0024164
T   38  8 .6066607E+08   4561630E+02  .6655E+06 -.2799E+06   .9999965  .0024909  .0008702
T   39  8 .6089208E+08   4561630E+02 -.6727E+06  .5823E+05   .9999953 -.0019206 -.0024094
T   40  8 .6107666E+08   4561631E+02 -.1506E+07 -.4682E+06   .9999815 -.0060846  .0002505
T   41  8 .6081196E+08   4561631E+02  .2165E+07  .2669E+07   .9999884  .0022075  .0042771
T   42  8 .6091786E+08   4561630E+02 -.3194E+05  .2600E+07   .9999764 -.0013855  .0067274
T   43  8 .6073661E+08   4561631E+02 -.3905E+07 -.1632E+07   .9998901 -.0144004 -.0035204
T   44  8 .6087988E+08   4561631E+02  .3644E+07  .3943E+07   .9997875  .0154209  .0136802
T   45  8 .6077187E+08   4561630E+02 -.6443E+05  .2205E+05   .9999936 -.0000814  .0035714
T   46  8 .6097923E+08   4561631E+02  .4896E+06 -.1153E+07   .9999882  .0032322 -.0036323
T   47  8 .6082537E+08   4561631E+02  .2682E+07  .1392E+07   .9999772  .0056540  .0036976
T   48  8 .6069892E+08   4561630E+02 -.1836E+07  .2037E+07   .9999447 -.0062208  .0084828
T   49  8 .6056777E+08   4561631E+02 -.1196E+07  .6729E+06   .9999949 -.0022472  .0022530
T   50  8 .6121128E+08   4561630E+02  .4872E+06 -.1380E+07   .9999838  .0038372 -.0042116
T   51  8 .6073505E+08   4561630E+02  .5521E+07  .3318E+06   .9998394  .0174674  .0039978
T   52  8 .6070609E+08   4561631E+02  .8477E+07  .9019E+06   .9997907  .0204524  .0004040
T   53  8 .6052540E+08   4561631E+02  .1115E+07  .4265E+06   .9999875  .0043920  .0023729
T   54  8 .6100241E+08   4561630E+02 -.3163E+04  .1361E+07   .9999923  .0016211  .0035622
T   55  8 .6080454E+08   4561631E+02  .9922E+06  .1869E+06   .9999961  .0025054  .0012599
T   56  8 .6087726E+08   4561630E+02 -.4354E+06  .2504E+07   .9999926  .0034217  .0017555
T   57  8 .6092930E+08   4561631E+02  .8350E+06 -.1349E+05   .9999956  .0028761  .0006548
T   58  8 .6097838E+08   4561630E+02 -.2026E+07  .8236E+06   .9999726 -.0068820  .0027405
T   59  8 .6072385E+08   4561631E+02  .6571E+06  .9787E+06   .9999914  .0034701  .0022723
T   60  8 .6112630E+08   4561630E+02  .1631E+07 -.6634E+06   .9999690  .0050985 -.0059963
T   61  8 .6081007E+08   4561631E+02  .9186E+06  .2130E+06   .9999921  .0039041  .0006908
T   62  8 .6096615E+08   4561631E+02 -.1889E+07 -.3269E+07   .9999691 -.0034557 -.0070667
T   63  8 .6072234E+08   4561630E+02  .1098E+07 -.1702E+06   .9999938  .0015973  .0031517
T   64  8 .6072570E+08   4561631E+02  .7713E+06 -.6512E+05   .9999999 -.0001805 -.0002332
T   65  8 .6093327E+08   4561631E+02 -.9803E+06  .3988E+07   .9999381 -.0026892  .0108007
T   66  8 .6069806E+08   4561631E+02  .3221E+07 -.8791E+07   .9997678  .0075587 -.0201775
T   67  8 .6079406E+08   4561631E+02 -.1244E+06  .3765E+07   .9998582  .0049208  .0161021
T   68  8 .6105171E+08   4561630E+02  .1411E+07  .1767E+07   .9999442  .0085398  .0062136
T   69  8 .6092355E+08   4561630E+02  .2405E+07 -.1213E+07   .9999320  .0115225 -.0018075
T   70  8 .6096856E+08   4561630E+02 -.1882E+06  .8850E+06   .9999959 -.0005972  .0028009
T   71  8 .6087452E+08   4561630E+02  .6500E+06  .1744E+07   .9999939  .0005139  .0034435
T   72  8 .6116235E+08   4561630E+02  .1323E+04  .7708E+05   .9999983  .0017141 -.0006990
T   73  8 .6102825E+08   4561630E+02 -.2661E+06 -.1154E+07   .9999907 -.0035552 -.0024523
T   74  8 .6099655E+08   4561630E+02 -.2688E+07  .1087E+07   .9999692 -.0060634  .0049777
T   75  8 .6105273E+08   4561630E+02  .4402E+06  .8733E+06   .9999921  .0033508  .0021596
T   76  8 .6089169E+08   4561630E+02  .6468E+06  .1055E+07   .9999858  .0022292  .0048414
T   77  8 .6090877E+08   4561630E+02  .1966E+07 -.2205E+07   .9999838  .0018778 -.0053754
T   78  8 .6086180E+08   4561630E+02 -.1206E+07  .6121E+06   .9999953 -.0030522  .0003264
T   79  8 .6088556E+08   4561630E+02 -.1163E+07 -.1594E+07   .9999857 -.0036046 -.0039398
T   80  8 .6064096E+08   4561631E+02  .6118E+06 -.2873E+06   .9999979  .0007077 -.0019485
T   81  8 .6088030E+08   4561630E+02  .4636E+07  .3853E+07   .9999056  .0112346  .0079047
T   82  8 .6095324E+08   4561630E+02  .1134E+07  .1128E+07   .9999287  .0069209  .0097288
T   83  8 .6049559E+08   4561630E+02  .5862E+07  .6472E+07   .9999129  .0019134  .0130575
T   84  8 .6070549E+08   4561630E+02 -.1626E+07  .3855E+06   .9999837 -.0047887  .0031190
T   85  8 .6106253E+08   4561630E+02 -.7941E+06  .2099E+06   .9999770 -.0066116  .0015116
T   86  8 .6086772E+08   4561630E+02 -.4443E+06  .2329E+07   .9999516  .0002364  .0098320
T   87  8 .6102424E+08   4561631E+02  .4507E+06 -.7283E+06   .9999995  .0003082 -.0009039
T   88  8 .6088009E+08   4561630E+02  .6680E+06  .8099E+06   .9999940  .0029276  .0018247
T   89  8 .6080733E+08   4561631E+02  .8814E+06  .3163E+06   .9999715  .0075432 -.0002630
T   90  8 .6074293E+08   4561630E+02 -.7749E+06  .4950E+06   .9999967 -.0022468  .0012442
T   91  8 .6074738E+08   4561630E+02  .4089E+06  .8881E+05   .9999984 -.0015902  .0008509
T   92  8 .6098534E+08   4561631E+02  .2180E+07 -.9515E+06   .9999705  .0067561 -.0036504
T   93  8 .6092753E+08   4561631E+02  .3667E+06  .7243E+06   .9999711  .0063011  .0042582
T   94  8 .6081640E+08   4561631E+02 -.1881E+07  .2685E+07   .9999845 -.0022058  .0051150
T   95  8 .6078478E+08   4561630E+02  .9661E+06  .1463E+07   .9999783  .0042666  .0050214
T   96  8 .6098857E+08   4561631E+02  .6569E+06  .4363E+06   .9999887  .0045405 -.0014342
T   97  8 .6094091E+08   4561631E+02 -.2153E+06  .1226E+07   .9999998  .0000069 -.0006342
T   98  8 .6105268E+08   4561630E+02 -.1282E+07 -.1951E+06   .9999941 -.0034286 -.0002164
T   99  8 .6093171E+08   4561630E+02  .1257E+07 -.2004E+07   .9999679  .0059254 -.0054019
T  100  8 .6089753E+08   4561630E+02 -.8011E+04 -.6372E+06   .9999975 -.0018546 -.0012226
T  101  8 .6096496E+08   4561630E+02 -.5793E+06 -.6259E+06   .9999827 -.0042500 -.0040698
T  102  8 .6089807E+08   4561630E+02  .4398E+06 -.2744E+07   .9999562  .0026839 -.0089668
T  103  8 .6069294E+08   4561631E+02  .6094E+05  .2066E+07   .9999957 -.0017231  .0023523
T  104  8 .6088350E+08   4561630E+02 -.1088E+07  .1866E+06   .9999882 -.0035360  .0033442
T  105  8 .6096312E+08   4561630E+02  .1035E+07  .5260E+07   .9999006  .0006925  .0140833
T  106  8 .6090895E+08   4561630E+02  .9675E+06  .2081E+07   .9999856  .0004448  .0053544
T  107  8 .6090300E+08   4561630E+02 -.4594E+07  .1125E+07   .9998956 -.0144474  .0000747
T  108  8 .6070391E+08   4561630E+02  .2460E+07  .2956E+07   .9999317  .0060890  .0099799
T  109  8 .6076555E+08   4561630E+02  .1133E+07  .1092E+07   .9999978 -.0001950  .0021016
T  110  8 .6078641E+08   4561630E+02 -.5949E+06 -.8810E+06   .9999771 -.0044770 -.0050820
T  111  8 .6073866E+08   4561631E+02 -.2084E+05 -.1188E+07   .9999920  .0013625 -.0037516
T  112  8 .6088269E+08   4561630E+02  .1682E+07 -.4350E+06   .9999960  .0027619 -.0006109
T  113  8 .6090602E+08   4561630E+02 -.1361E+07 -.2855E+07   .9999886 -.0013902 -.0045592
T  114  8 .6093575E+08   4561631E+02 -.1609E+07  .5820E+06   .9999887 -.0030405  .0036428
T  115  8 .6069487E+08   4561630E+02  .3056E+06  .1677E+07   .9999897 -.0000714  .0045459
T  116  8 .6062721E+08   4561630E+02 -.1107E+07  .1586E+07   .9998604 -.0096249  .0136552
T  117  8 .6087594E+08   4561630E+02 -.1138E+07  .2258E+06   .9999985 -.0015245  .0008442
T  118  8 .6090932E+08   4561631E+02  .9793E+06  .8836E+06   .9999784  .0063262  .0017698
T  119  8 .6069524E+08   4561630E+02 -.6356E+06  .1403E+06   .9999936 -.0018992  .0030340
T  120  8 .6085100E+08   4561630E+02 -.1504E+07 -.6420E+05   .9999899 -.0041910 -.0016081
T  121  8 .6087867E+08   4561630E+02 -.1906E+07  .1657E+07   .9999795 -.0061663  .0017480
T  122  8 .6089118E+08   4561630E+02  .1248E+07  .1046E+07   .9999888  .0047302  .0000082
T  123  8 .6085248E+08   4561630E+02 -.1041E+06  .5404E+06   .9999986  .0014263  .0008183
T  124  8 .6098400E+08   4561630E+02 -.1759E+07 -.8148E+06   .9999860 -.0041905 -.0032458
T  125  8 .6099318E+08   4561630E+02  .1169E+07 -.1966E+07   .9999829  .0031256 -.0049375
T  126  8 .6063692E+08   4561631E+02 -.3272E+07  .5256E+06   .9998883 -.0146166  .0031355
T  127  8 .6087156E+08   4561631E+02  .1073E+07 -.3944E+05   .9999951  .0017827 -.0025848
T  128  8 .6086668E+08   4561630E+02 -.3858E+06  .1541E+07   .9999864  .0003015  .0052047
T  129  8 .6096153E+08   4561630E+02 -.3324E+06 -.2308E+07   .9999987  .0012521 -.0010164
T  130  8 .6061264E+08   4561630E+02  .1953E+07  .2341E+05   .9999836  .0054333 -.0017899
T  131  8 .6070520E+08   4561630E+02 -.4565E+06  .7535E+06   .9999797 -.0012916  .0062449
T  132  8 .6093023E+08   4561630E+02 -.7118E+06 -.6871E+06   .9999961 -.0025601 -.0011061
T  133  8 .6071414E+08   4561630E+02 -.2566E+07  .1189E+07   .9999564 -.0071723  .0059744
T  134  8 .6079360E+08   4561630E+02  .8143E+06  .5089E+06   .9999990  .0011098  .0008455
T  135  8 .6076510E+08   4561630E+02  .9728E+05 -.4422E+06   .9999965 -.0015969  .0021105
T  136  8 .6066022E+08   4561630E+02  .4834E+07  .6002E+07   .9998834  .0096065  .0118679
T  137  8 .6095403E+08   4561630E+02  .6583E+06  .1268E+07   .9999933  .0033463  .0015089
T  138  8 .6079669E+08   4561631E+02  .1732E+07 -.1888E+07   .9999880  .0030410 -.0038292
T  139  8 .6073718E+08   4561630E+02 -.6640E+06 -.1644E+07   .9999760 -.0043261 -.0054042
T  140  8 .6071776E+08   4561630E+02  .2792E+07 -.8671E+06   .9999681  .0079838  .0000359
T  141  8 .6086963E+08   4561631E+02 -.8801E+06 -.2698E+07   .9999795 -.0019102 -.0061121
T  142  8 .6083680E+08   4561630E+02 -.3076E+06 -.5776E+06   .9999944 -.0017624  .0028294
T  143  8 .6071478E+08   4561630E+02  .1860E+06 -.3560E+06   .9999918 -.0023821 -.0032689
T  144  8 .6087363E+08   4561631E+02 -.8682E+06 -.8548E+06   .9999890 -.0043501 -.0017365
T  145  8 .6074858E+08   4561631E+02 -.5804E+07 -.4402E+07   .9998922 -.0121878 -.0081916
T  146  8 .6080787E+08   4561630E+02  .1652E+07  .1665E+07   .9999762  .0048916  .0048729
T  147  8 .6098370E+08   4561630E+02  .1483E+06 -.1407E+06   .9999992  .0012035 -.0002791
T  148  8 .6076598E+08   4561630E+02  .1825E+07 -.5473E+06   .9999750  .0068303 -.0018087
T  149  8 .6085641E+08   4561630E+02  .1296E+07 -.4577E+07   .9999427 -.0009648 -.0106609
T  150  8 .6081024E+08   4561630E+02 -.2970E+07  .1002E+07   .9999587 -.0076740  .0048676
T  151  8 .6090123E+08   4561631E+02 -.1474E+07  .1471E+07   .9999815 -.0014889  .0058942
T  152  8 .6098870E+08   4561630E+02  .2207E+07  .1307E+07   .9999610  .0056111  .0068237
T  153  8 .6083568E+08   4561630E+02  .1476E+07  .1262E+07   .9999858  .0034474  .0040545
T  154  8 .6086096E+08   4561630E+02 -.6198E+05 -.1393E+07   .9999924  .0012265 -.0037131
T  155  8 .6091428E+08   4561631E+02 -.3622E+07  .4415E+07   .9999383 -.0050987  .0098736
T  156  8 .6084290E+08   4561630E+02 -.6822E+06 -.1394E+07   .9999917  .0002416 -.0040594
T  157  8 .6098971E+08   4561631E+02 -.2201E+06  .1753E+07   .9999779  .0004114  .0066398
T  158  8 .6090902E+08   4561630E+02  .3911E+06 -.2794E+07   .9999881 -.0006551 -.0048318
T  159  8 .6106164E+08   4561630E+02  .2881E+06  .1916E+05   .9999933  .0036407 -.0004049
T  160  8 .6068562E+08   4561631E+02 -.1199E+07  .1271E+07   .9999786 -.0063760  .0014448
T  161  8 .6093160E+08   4561630E+02  .3498E+07 -.8727E+06   .9999704  .0066836 -.0038119
T  162  8 .6079097E+08   4561630E+02 -.5721E+05  .1721E+06   .9999940  .0009288  .0033487
T  163  8 .6079679E+08   4561630E+02 -.1863E+06 -.6910E+06   .9999964 -.0024615 -.0010740
T  164  8 .6092269E+08   4561630E+02 -.1517E+07 -.1325E+07   .9999896 -.0039508 -.0022765
T  165  8 .6102833E+08   4561630E+02  .2682E+07  .9221E+06   .9999502  .0089111  .0044826
T  166  8 .6056789E+08   4561630E+02  .7119E+07  .3738E+06   .9972008  .0742476 -.0088199
T  167  8 .6054611E+08   4561631E+02 -.6098E+06  .3485E+07   .9999737 -.0015075  .0070911
T  168  8 .6079360E+08   4561631E+02 -.9196E+06 -.3489E+07   .9999661 -.0042882 -.0070255
T  169  8 .6093584E+08   4561631E+02  .1891E+06  .1909E+07   .9999938  .0011192  .0033395
T  170  8 .6071240E+08   4561630E+02 -.1502E+07 -.7831E+06   .9999860 -.0050679 -.0015325
T  171  8 .6097213E+08   4561630E+02  .2049E+07  .2301E+06   .9999671  .0075675  .0029166
T  172  8 .6085843E+08   4561630E+02 -.8619E+06  .1146E+07   .9999820 -.0036040  .0047954
T  173  8 .6094724E+08   4561631E+02  .3235E+07 -.5135E+06   .9999505  .0088972 -.0044499
T  174  8 .6084339E+08   4561631E+02 -.3955E+06 -.7643E+06   .9999993 -.0008123  .0008082
T  175  8 .6089139E+08   4561631E+02  .1433E+07 -.6829E+06   .9999890  .0044276 -.0015228
T  176  8 .6085387E+08   4561631E+02  .2555E+07 -.1123E+06   .9999795  .0063972  .0003276
T  177  8 .6086058E+08   4561630E+02  .5553E+06 -.1802E+07   .9999646  .0034762 -.0076651
T  178  8 .6086645E+08   4561630E+02 -.1425E+06 -.9952E+06   .9999851 -.0009498 -.0053765
T  179  8 .6068881E+08   4561630E+02 -.1365E+07 -.7878E+06   .9999918  .0028180  .0029156
T  180  8 .6072691E+08   4561631E+02  .9229E+06  .1831E+07   .9999946  .0000173  .0032916
T  181  8 .6109064E+08   4561630E+02 -.1296E+07  .2064E+07   .9999942 -.0011356  .0032223
T  182  8 .6084860E+08   4561630E+02  .1649E+07  .1255E+06   .9999909  .0042485 -.0004596
T  183  8 .6096616E+08   4561630E+02  .8507E+06 -.9897E+06   .9999938  .0015428 -.0031784
T  184  8 .6092079E+08   4561630E+02 -.1984E+07  .3563E+06   .9999844 -.0051471  .0021708
T  185  8 .6091086E+08   4561631E+02 -.1320E+07 -.4720E+06   .9999960 -.0020538 -.0019531
T  186  8 .6078384E+08   4561630E+02  .6337E+06  .5630E+05   .9999964  .0021605 -.0015661
T  187  8 .6092540E+08   4561631E+02  .2002E+07  .1111E+07   .9999732  .0069320  .0023577
T  188  8 .6084599E+08   4561631E+02  .9059E+06 -.1461E+07   .9999432  .0098962 -.0039580
T  189  8 .6082821E+08   4561630E+02  .4347E+06  .1010E+07   .9999992  .0011511  .0005116
T  190  8 .6103369E+08   4561631E+02  .5583E+05 -.9699E+06   .9999803 -.0032115 -.0053946
T  191  8 .6083295E+08   4561630E+02  .1097E+07  .3377E+06   .9999910  .0041822  .0007713
T  192  8 .6084514E+08   4561631E+02 -.1992E+07 -.3456E+05   .9999915 -.0040660 -.0006571
T  193  8 .6065391E+08   4561630E+02 -.6075E+06 -.1871E+07   .9999670 -.0011054 -.0080538
T  194  8 .6092622E+08   4561631E+02 -.3936E+07 -.9658E+06   .9999289 -.0115430 -.0030068
T  195  8 .6076188E+08   4561631E+02 -.4889E+05 -.9743E+06   .9999995 -.0005234 -.0008989
T  196  8 .6084462E+08   4561630E+02 -.1175E+07  .2145E+06   .9999852 -.0054314  .0003270
T  197  8 .6083478E+08   4561630E+02  .1971E+07 -.5237E+06   .9999809  .0061235  .0008576
T  198  8 .6065881E+08   4561630E+02  .1255E+07 -.2390E+07   .9999792  .0006411 -.0064225
T  199  8 .6087263E+08   4561631E+02  .2348E+06 -.6999E+06   .9999978  .0015377 -.0014478
T  200  8 .6105962E+08   4561630E+02  .5827E+06  .1620E+07   .9999732  .0011598  .0072255
T  201  8 .6073180E+08   4561630E+02  .7932E+06 -.7878E+06   .9999969  .0013000  .0021099
T  202  8 .6068872E+08   4561630E+02  .2401E+07 -.1730E+07   .9999821  .0053528 -.0026636
T  203  8 .6102721E+08   4561630E+02  .1425E+07  .5528E+06   .9999836  .0053061  .0021391
T  204  8 .6091517E+08   4561630E+02 -.2048E+07  .2880E+07   .9999373 -.0027889  .0108471
T  205  8 .6087292E+08   4561630E+02  .1379E+07 -.2158E+06   .9999905  .0043488  .0003025
T  206  8 .6077442E+08   4561631E+02 -.5986E+06  .1321E+07   .9999887 -.0043169  .0019948
T  207  8 .6074870E+08   4561630E+02 -.2971E+06  .1106E+07   .9999974 -.0022521  .0001730
T  208  8 .6095182E+08   4561630E+02 -.1229E+07 -.2995E+07   .9999836 -.0029803 -.0048993
T  209  8 .6086551E+08   4561630E+02  .1981E+07  .1104E+06   .9999978  .0018749 -.0009813
T  210  8 .6067763E+08   4561630E+02  .1770E+07  .8896E+06   .9999902  .0039695  .0019524
T  211  8 .6087729E+08   4561630E+02 -.2792E+06 -.1127E+07   .9999840 -.0041483 -.0038387
T  212  8 .6065611E+08   4561630E+02  .1127E+07  .2678E+06   .9999956  .0027980  .0010341
T  213  8 .6098439E+08   4561630E+02  .1044E+07  .3338E+06   .9999923  .0027070  .0028305
T  214  8 .6094938E+08   4561630E+02 -.1134E+07  .2231E+07   .9999725 -.0047662  .0056749
T  215  8 .6086330E+08   4561630E+02 -.1825E+07 -.1797E+07   .9999896 -.0020115 -.0040875
T  216  8 .6099245E+08   4561631E+02  .6205E+06 -.1766E+07   .9999836  .0000678 -.0057257
T  217  8 .6079873E+08   4561630E+02  .5172E+06 -.1573E+07   .9999782  .0038500 -.0053708
T  218  8 .6071453E+08   4561631E+02 -.6938E+06  .3030E+06   .9999993 -.0005831  .0009857
T  219  8 .6086363E+08   4561631E+02 -.1420E+07  .2371E+07   .9999915 -.0039061  .0012963
T  220  8 .6108437E+08   4561630E+02  .3137E+06 -.2396E+06   .9999952  .0007782 -.0029887
T  221  8 .6082772E+08   4561630E+02 -.3618E+05  .9428E+06   .9999912 -.0003332  .0041882
T  222  8 .6087390E+08   4561631E+02 -.3930E+06  .1543E+07   .9999802  .0017963  .0060368
T  223  8 .6074996E+08   4561630E+02 -.7061E+06  .3714E+06   .9999816 -.0015967  .0058575
T  224  8 .6093317E+08   4561631E+02  .1282E+07 -.3033E+07   .9999677  .0033272 -.0073162
T  225  8 .6088360E+08   4561630E+02  .4302E+07 -.8839E+06   .9999265  .0117171 -.0031005
T  226  8 .6109611E+08   4561630E+02  .1744E+07  .1732E+07   .9999791  .0036836  .0053106
T  227  8 .6086517E+08   4561630E+02  .2856E+06 -.2093E+07   .9999941  .0034209 -.0000547
T  228  8 .6077439E+08   4561630E+02 -.1345E+07 -.1781E+07   .9999758 -.0044099 -.0053719
T  229  8 .6084308E+08   4561630E+02 -.1073E+07 -.1599E+07   .9999840 -.0031649 -.0046965
T  230  8 .6077269E+08   4561630E+02 -.3399E+06 -.1577E+07   .9999851  .0010756 -.0053476
T  231  8 .6075843E+08   4561630E+02  .6950E+06  .1625E+07   .9999805 -.0001398  .0062433
T  232  8 .6080174E+08   4561630E+02 -.2229E+07  .4078E+06   .9999739 -.0071975 -.0006919
T  233  8 .6067075E+08   4561630E+02 -.3375E+06 -.9768E+06   .9999975 -.0008487 -.0020788
T  234  8 .6103925E+08   4561631E+02 -.1566E+06 -.1237E+07   .9999851 -.0033412 -.0043072
T  235  8 .6087563E+08   4561630E+02 -.1282E+07 -.1572E+07   .9999944 -.0010877 -.0031640
T  236  8 .6057055E+08   4561630E+02 -.1258E+07 -.1810E+06   .9999948 -.0031142 -.0007864
T  237  8 .6070447E+08   4561631E+02  .1014E+07 -.2098E+07   .9999815  .0040527 -.0045400
T  238  8 .6096492E+08   4561630E+02 -.1549E+07 -.3095E+07   .9999658 -.0037953 -.0073427
T  239  8 .6067699E+08   4561630E+02 -.9065E+06  .4391E+05   .9999857 -.0052202 -.0011811
T  240  8 .6077308E+08   4561630E+02 -.2349E+06  .2218E+07   .9999575 -.0014928  .0090960
T  241  8 .6079255E+08   4561631E+02  .1274E+07  .1198E+07   .9999612  .0084099  .0026263
T  242  8 .6072086E+08   4561631E+02 -.1509E+07 -.4263E+06   .9999985 -.0016891 -.0003094
T  243  8 .6106416E+08   4561631E+02 -.4400E+06  .5875E+06   .9999930 -.0010030  .0036129
T  244  8 .6105405E+08   4561630E+02  .1047E+07 -.1919E+07   .9999877  .0027950 -.0041061
T  245  8 .6089952E+08   4561630E+02  .1113E+07 -.1424E+07   .9999810  .0039847 -.0047136
T  246  8 .6074598E+08   4561630E+02  .3206E+06  .4581E+06   .9999996 -.0008862 -.0000165
T  247  8 .6066174E+08   4561630E+02  .1078E+07  .2127E+06   .9999936  .0034837  .0007565
T  248  8 .6082845E+08   4561631E+02 -.7258E+06  .4318E+05   .9999971  .0005615  .0023600
T  249  8 .6076559E+08   4561630E+02 -.1900E+05 -.1551E+07   .9999906  .0035739 -.0024694
T  250  8 .6078630E+08   4561630E+02 -.4769E+05  .6380E+06   .9999615  .0028838  .0082907
T  251  8 .6072333E+08   4561631E+02 -.9404E+06 -.2023E+07   .9999805 -.0029679 -.0055018
T  252  8 .6100641E+08   4561630E+02 -.1141E+07  .1999E+07   .9999918  .0016186  .0037194
T  253  8 .6077586E+08   4561630E+02  .1368E+07  .8940E+06   .9999925  .0038750  .0000116
T  254  8 .6088393E+08   4561630E+02 -.1424E+06  .2229E+06   .9999942  .0025533  .0022732
T  255  8 .6061237E+08   4561631E+02 -.1489E+07 -.7850E+06   .9999894 -.0039563 -.0023522
T  256  8 .6116419E+08   4561630E+02  .1540E+07 -.2980E+06   .9999538  .0095974 -.0004787
T  257  8 .6087684E+08   4561631E+02  .4524E+06 -.3170E+06   .9999982  .0011020 -.0015750
T  258  8 .6091212E+08   4561630E+02 -.2151E+07 -.7694E+05   .9999778 -.0066589 -.0001847
T  259  8 .6091346E+08   4561630E+02  .5898E+06  .1780E+07   .9999855  .0004714  .0053723
T  260  8 .6081213E+08   4561630E+02  .2700E+07  .6442E+06   .9999715  .0074223  .0014069
T  261  8 .6079877E+08   4561631E+02  .1577E+07 -.6958E+06   .9999895  .0044243 -.0011668
T  262  8 .6072569E+08   4561630E+02 -.6766E+06  .1910E+05   .9999834 -.0033210  .0047108
T  263  8 .6058787E+08   4561630E+02 -.1208E+06  .4413E+06   .9999896  .0008761  .0044771
T  264  8 .6077758E+08   4561630E+02 -.1076E+07 -.1892E+07   .9999292 -.0096656 -.0069349
T  265  8 .6060178E+08   4561630E+02 -.1137E+07 -.9796E+06   .9999824 -.0019146 -.0056120
T  266  8 .6084822E+08   4561631E+02  .7973E+06 -.3341E+05   .9999838  .0056513  .0007414
T  267  8 .6087545E+08   4561630E+02  .7274E+06 -.1532E+07   .9999603  .0053031 -.0071560
T  268  8 .6073463E+08   4561630E+02 -.1011E+07  .4089E+07   .9999236 -.0036106  .0118242
T  269  8 .6061651E+08   4561630E+02 -.7053E+06  .6175E+06   .9999956 -.0012465  .0026764
T  270  8 .6089947E+08   4561630E+02 -.8543E+06  .8436E+06   .9999968 -.0014104  .0020790
T  271  8 .6115811E+08   4561630E+02 -.9268E+06  .3073E+07   .9999853 -.0004287  .0054031
T  272  8 .6086014E+08   4561630E+02  .2716E+07  .3442E+06   .9999189  .0105540  .0071341
T  273  8 .6077785E+08   4561631E+02 -.2327E+07  .6007E+05   .9999805 -.0057453 -.0024493
T  274  8 .6072265E+08   4561631E+02  .3074E+06 -.1609E+06   .9999986  .0016983  .0000746
T  275  8 .6102994E+08   4561631E+02 -.1917E+07 -.3199E+07   .9999299 -.0066986 -.0097589
T  276  8 .6055952E+08   4561630E+02 -.1532E+07 -.3233E+06   .9999290 -.0111327 -.0042387
T  277  8 .6083157E+08   4561630E+02  .1072E+07 -.1226E+07   .9999812  .0056820 -.0023091
T  278  8 .6097350E+08   4561630E+02  .4542E+06 -.3033E+06   .9999975 -.0012502 -.0018485
T  279  8 .6064037E+08   4561630E+02  .1478E+07 -.6470E+06   .9999854  .0053759  .0005580
T  280  8 .6089152E+08   4561631E+02  .1014E+07  .1510E+07   .9999914  .0029360  .0029224
T  281  8 .6087245E+08   4561630E+02 -.1677E+07  .1167E+07   .9999913 -.0041544  .0004323
T  282  8 .6094150E+08   4561631E+02 -.1599E+07 -.4905E+06   .9999881 -.0048679  .0004383
T  283  8 .6082685E+08   4561630E+02  .2186E+06  .1360E+07   .9999961 -.0018244  .0021278
T  284  8 .6079179E+08   4561631E+02 -.4018E+07 -.1123E+07   .9999365 -.0112551 -.0005623
T  285  8 .6080206E+08   4561631E+02 -.6425E+06  .1821E+06   .9999944 -.0031618 -.0010807
T  286  8 .6068304E+08   4561630E+02 -.1115E+07 -.8649E+06   .9999923 -.0023000 -.0031865
T  287  8 .6078386E+08   4561630E+02 -.1197E+07 -.7574E+06   .9999902 -.0042426 -.0012639
T  288  8 .6093216E+08   4561631E+02  .8621E+06  .4968E+06   .9999951  .0005898  .0030686
T  289  8 .6076568E+08   4561630E+02 -.3714E+07 -.1194E+07   .9999549 -.0060925 -.0072835
T  290  8 .6068830E+08   4561630E+02  .8180E+06 -.4673E+06   .9999938  .0022786 -.0026960
T  291  8 .6081570E+08   4561630E+02  .9628E+06 -.4798E+06   .9999905  .0039725 -.0017962
T  292  8 .6076994E+08   4561630E+02  .1050E+07  .2379E+05   .9999967  .0012318 -.0022552
T  293  8 .6087339E+08   4561630E+02 -.7740E+06 -.2858E+07   .9999592 -.0025088 -.0086758
T  294  8 .6089740E+08   4561630E+02  .2106E+07  .7174E+06   .9999951  .0031300 -.0000052
T  295  8 .6086956E+08   4561630E+02 -.3537E+06 -.6199E+05   .9999953 -.0017902  .0025008
T  296  8 .6094675E+08   4561630E+02 -.1007E+07 -.1772E+06   .9999861 -.0026226  .0045707
T  297  8 .6093013E+08   4561630E+02 -.1298E+07 -.1968E+07   .9999607 -.0049339 -.0073719
T  298  8 .6090757E+08   4561631E+02 -.4394E+05  .4936E+06   .9999990  .0007898  .0011539
T  299  8 .6070340E+08   4561630E+02  .7442E+06  .1760E+06   .9999956  .0029542 -.0003135
T  300  8 .6082301E+08   4561630E+02  .4869E+06 -.9995E+06   .9999744  .0043796 -.0056539
T  301  8 .6078901E+08   4561630E+02  .4833E+06 -.7448E+06   .9999963  .0015024 -.0022505
T  302  8 .6084693E+08   4561631E+02  .6123E+07 -.2777E+07   .9998880  .0145425 -.0035266
T  303  8 .6087775E+08   4561631E+02 -.1339E+06 -.1926E+07   .9999773  .0017354 -.0065080
T  304  8 .6092843E+08   4561631E+02  .4945E+07 -.7348E+06   .9999199  .0123325 -.0028590
T  305  8 .6071876E+08   4561630E+02  .7400E+05  .1459E+07   .9999883 -.0044281 -.0019406
T  306  8 .6095536E+08   4561630E+02  .1166E+07  .2608E+06   .9999951  .0029803 -.0009955
T  307  8 .6115420E+08   4561631E+02  .7177E+06 -.8155E+06   .9999982  .0017366 -.0008005
T  308  8 .6093599E+08   4561630E+02 -.6523E+06 -.3939E+06   .9999953 -.0024805 -.0018170
T  309  8 .6081559E+08   4561631E+02 -.2444E+06  .5315E+06   .9999961 -.0024192  .0013920
T  310  8 .6084343E+08   4561631E+02 -.1681E+07  .5901E+06   .9999877 -.0049543 -.0002225
T  311  8 .6074896E+08   4561631E+02  .1081E+07 -.5961E+06   .9999951  .0026860  .0015910
T  312  8 .6079884E+08   4561631E+02 -.1424E+07 -.8947E+06   .9999930 -.0025034 -.0027982
T  313  8 .6068243E+08   4561630E+02 -.1019E+07  .3015E+07   .9999558 -.0022145  .0091427
T  314  8 .6080346E+08   4561630E+02  .4168E+07  .3271E+07   .9999403  .0089677  .0062484
T  315  8 .6062502E+08   4561630E+02 -.1379E+07 -.2346E+05   .9999916 -.0041045  .0000078
T  316  8 .6059970E+08   4561630E+02  .4882E+06 -.1286E+07   .9999704  .0075574 -.0014522
T  317  8 .6094621E+08   4561630E+02 -.1522E+07  .6294E+06   .9999793  .0043875  .0047056
T  318  8 .6110882E+08   4561630E+02  .7215E+05  .2738E+07   .9999913  .0004910  .0041505
T  319  8 .6085712E+08   4561630E+02 -.1825E+07 -.2298E+07   .9999835 -.0037446 -.0043525
T  320  8 .6070168E+08   4561630E+02  .5442E+06  .1441E+07   .9999945 -.0002847  .0032901
T  321  8 .6076641E+08   4561630E+02  .1631E+07 -.1403E+07   .9998744  .0142979 -.0068406
T  322  8 .6091580E+08   4561630E+02 -.3724E+06  .2183E+07   .9999787 -.0027973  .0058888
T  323  8 .6084411E+08   4561630E+02  .1616E+06  .2159E+07   .9999889 -.0017738  .0043708
T  324  8 .6083561E+08   4561631E+02 -.4379E+06 -.3458E+07   .9999539 -.0048027 -.0083146
T  325  8 .6080175E+08   4561631E+02 -.1281E+07  .2465E+06   .9999560 -.0062263 -.0070224
T  326  8 .6075555E+08   4561630E+02  .1519E+06 -.5117E+06   .9999992 -.0007331 -.0010649
T  327  8 .6085111E+08   4561631E+02 -.1358E+07  .3875E+06   .9999962 -.0027388  .0001532
T  328  8 .6076067E+08   4561630E+02  .3540E+07 -.6349E+06   .9999521  .0096194 -.0017928
T  329  8 .6059992E+08   4561630E+02  .2588E+06  .3028E+07   .9999344  .0055517  .0100164
T  330  8 .6081977E+08   4561631E+02  .6213E+07 -.1297E+07   .9999295  .0115870 -.0025786
T  331  8 .6086851E+08   4561630E+02  .8158E+06 -.3442E+07   .9999637  .0024844 -.0081524
T  332  8 .6087570E+08   4561630E+02 -.1188E+07  .2601E+07   .9999561 -.0039347  .0085038
T  333  8 .6072626E+08   4561631E+02 -.4986E+06 -.3531E+07   .9999500 -.0021116 -.0097733
T  334  8 .6096604E+08   4561631E+02  .9614E+05  .5443E+06   .9999922  .0012043  .0037692
T  335  8 .6083576E+08   4561630E+02  .6478E+06  .1923E+06   .9999995  .0005748  .0008380
T  336  8 .6091441E+08   4561631E+02 -.7299E+06 -.4803E+06   .9999963 -.0026871  .0005152
T  337  8 .6095915E+08   4561631E+02  .4526E+06 -.3241E+07   .9999399  .0042216 -.0101201
T  338  8 .6070616E+08   4561631E+02  .9476E+06 -.9810E+06   .9999903  .0029020 -.0033075
T  339  8 .6091870E+08   4561630E+02 -.5141E+06 -.3490E+06   .9999963 -.0019464 -.0019264
T  340  8 .6108780E+08   4561630E+02 -.2403E+07 -.2843E+07   .9999097 -.0069924 -.0114757
T  341  8 .6069196E+08   4561631E+02 -.2039E+06  .1531E+06   .9999999 -.0002157 -.0000364
T  342  8 .6100152E+08   4561631E+02 -.5549E+05  .1775E+07   .9999923  .0020530  .0033326
T  343  8 .6091598E+08   4561630E+02 -.4954E+07 -.7299E+05   .9998972 -.0142491 -.0015711
T  344  8 .6100385E+08   4561631E+02  .2648E+06  .8225E+06   .9999987  .0011493 -.0011033
T  345  8 .6070940E+08   4561631E+02 -.1598E+07  .7351E+06   .9999908 -.0010707  .0041578
T  346  8 .6107052E+08   4561631E+02  .1555E+07 -.1959E+07   .9999794  .0028905 -.0057334
T  347  8 .6092850E+08   4561630E+02  .1091E+07  .4986E+06   .9999567  .0092336  .0011259
T  348  8 .6065034E+08   4561631E+02  .1505E+07 -.8399E+06   .9999828  .0045440 -.0037107
T  349  8 .6077903E+08   4561630E+02  .2355E+07  .4090E+07   .9992393  .0285905  .0265203
T  350  8 .6075494E+08   4561630E+02  .1730E+07  .1297E+07   .9999932  .0027140  .0025127
T  351  8 .6074524E+08   4561631E+02 -.8319E+06  .4770E+06   .9999978  .0001252  .0020910
T  352  8 .6098953E+08   4561631E+02  .2715E+06 -.1669E+07   .9999887  .0016808 -.0044362
T  353  8 .6062942E+08   4561631E+02 -.5739E+06  .7464E+05   .9999970 -.0022071 -.0010823
T  354  8 .6091534E+08   4561630E+02 -.6531E+06 -.1647E+07   .9999852 -.0018805 -.0051053
T  355  8 .6072657E+08   4561630E+02 -.2424E+06 -.1438E+07   .9999929 -.0018807 -.0032729
T  356  8 .6076419E+08   4561630E+02  .7605E+06  .1102E+07   .9999829  .0031735  .0049107
T  357  8 .6074777E+08   4561631E+02  .1136E+06  .1020E+07   .9999968  .0018928  .0016738
T  358  8 .6086242E+08   4561630E+02  .1343E+07  .5207E+05   .9999244  .0122322  .0012589
T  359  8 .6079592E+08   4561631E+02  .8352E+05  .2189E+07   .9999817  .0015227  .0058508
T  360  8 .6091826E+08   4561630E+02 -.1985E+07 -.6924E+06   .9999677 -.0072614  .0034510
T  361  8 .6058771E+08   4561630E+02  .2237E+07 -.7620E+06   .9999784  .0043099 -.0049530
T  362  8 .6071124E+08   4561631E+02  .8428E+06 -.1955E+07   .9999920  .0009009 -.0039046
T  363  8 .6070111E+08   4561630E+02  .3271E+07  .2292E+07   .9999847  .0053705  .0013468
T  364  8 .6072850E+08   4561630E+02  .2299E+07 -.8068E+06   .9999906  .0028823 -.0032267
T  365  8 .6092771E+08   4561630E+02  .4608E+07  .2646E+07   .9998882  .0115110  .0095434
T  366  8 .6083427E+08   4561631E+02  .4695E+07 -.1537E+07   .9999062  .0115379 -.0073776
T  367  8 .6077276E+08   4561631E+02 -.8957E+05 -.9499E+06   .9999956  .0014407 -.0025791
T  368  8 .6097102E+08   4561631E+02 -.1990E+07 -.9828E+06   .9999348 -.0090233 -.0069973
T  369  8 .6086843E+08   4561630E+02 -.2153E+07 -.4215E+05   .9999883 -.0047942  .0006082
T  370  8 .6067326E+08   4561631E+02  .1584E+07  .1185E+07   .9999950  .0023601  .0021138
T  371  8 .6074180E+08   4561630E+02  .2800E+07  .7074E+06   .9999777  .0062796 -.0022867
T  372  8 .6082948E+08   4561631E+02  .5364E+05 -.1264E+06   .9999997 -.0006360  .0003613
T  373  8 .6081889E+08   4561630E+02  .3277E+07  .3493E+07   .9999161  .0084895  .0097788
T  374  8 .6089714E+08   4561631E+02  .2539E+07 -.3680E+06   .9999618  .0070003  .0052373
T  375  8 .6100515E+08   4561630E+02 -.2727E+05 -.2527E+07   .9999654  .0018232 -.0081206
T  376  8 .6065325E+08   4561630E+02 -.1992E+07 -.1369E+07   .9999878 -.0030818 -.0038672
T  377  8 .6076658E+08   4561631E+02 -.3405E+07 -.2590E+07   .9999882 -.0043921 -.0020957
T  378  8 .6083582E+08   4561630E+02 -.2340E+06  .1700E+06   .9999984 -.0016451  .0006356
T  379  8 .6062818E+08   4561630E+02 -.8794E+06 -.2721E+07   .9999785 -.0020127 -.0062374
T  380  8 .6084674E+08   4561630E+02  .1667E+07 -.3807E+06   .9999965  .0024903  .0008758
T  381  8 .6076436E+08   4561630E+02 -.8860E+06  .7488E+06   .9999987 -.0008700  .0013932
T  382  8 .6071732E+08   4561631E+02  .1910E+07 -.3600E+06   .9999889  .0043661 -.0017801
T  383  8 .6059325E+08   4561631E+02 -.1177E+07 -.4401E+06   .9999963 -.0025086  .0010563
T  384  8 .6100072E+08   4561630E+02 -.5802E+06  .9081E+06   .9999915 -.0007209  .0040651
T  385  8 .6073887E+08   4561631E+02 -.1442E+07  .4001E+07   .9999355 -.0023915  .0111013
T  386  8 .6094460E+08   4561630E+02  .6000E+06  .4729E+06   .9999979  .0020179 -.0002896
T  387  8 .6094337E+08   4561630E+02 -.1718E+07 -.4075E+07   .9999377 -.0046515 -.0101491
T  388  8 .6094203E+08   4561631E+02  .1006E+07  .2136E+07   .9999823  .0035442  .0047787
T  389  8 .6105809E+08   4561630E+02 -.1945E+07  .8181E+06   .9999943 -.0032738  .0007684
T  390  8 .6065744E+08   4561630E+02 -.6526E+06  .8228E+06   .9999968 -.0008161  .0023867
T  391  8 .6084168E+08   4561630E+02  .3773E+06  .7084E+06   .9999997  .0007903 -.0001736
T  392  8 .6114023E+08   4561631E+02  .1079E+07  .4948E+06   .9999994  .0004837 -.0009591
T  393  8 .6110142E+08   4561631E+02  .1796E+07  .3915E+07   .9999865  .0024911  .0045557
T  394  8 .6070904E+08   4561631E+02  .2574E+06  .2293E+06   .9999960  .0006119 -.0027592
T  395  8 .6070873E+08   4561630E+02  .9065E+06 -.1867E+07   .9999855  .0022925 -.0048681
T  396  8 .6049860E+08   4561630E+02 -.2029E+07  .8811E+06   .9999899 -.0044083  .0008327
T  397  8 .6102597E+08   4561631E+02  .1259E+07  .1359E+06   .9999871  .0047349 -.0018370
T  398  8 .6098623E+08   4561630E+02  .1122E+07  .2412E+06   .9999855  .0053159  .0008871
T  399  8 .6086673E+08   4561631E+02  .2884E+07 -.9864E+06   .9997431  .0226334  .0011963
T  400  8 .6082991E+08   4561630E+02  .1228E+07 -.3629E+07   .9998981  .0036422 -.0137995
T  401  8 .6096846E+08   4561631E+02 -.6419E+06  .8499E+06   .9999982 -.0018396 -.0003421
T  402  8 .6093806E+08   4561631E+02  .1278E+07 -.2398E+06   .9999873  .0049997  .0005685
T  403  8 .6064330E+08   4561631E+02 -.5397E+06  .2063E+07   .9999845  .0021999  .0051130
T  404  8 .6089146E+08   4561630E+02  .5640E+06  .2833E+06   .9999969  .0020199  .0014266
T  405  8 .6091582E+08   4561631E+02 -.4538E+06  .1140E+07   .9999889 -.0038340  .0027253
T  406  8 .6069378E+08   4561631E+02 -.1486E+07  .2538E+07   .9999775 -.0016432  .0064993
T  407  8 .6092450E+08   4561631E+02 -.1360E+07  .9636E+06   .9999744 -.0068920  .0019106
T  408  8 .6102666E+08   4561631E+02 -.1506E+07  .6845E+07   .9998628 -.0015579  .0164908
T  409  8 .6079465E+08   4561630E+02  .4741E+06  .2841E+07   .9999664 -.0018010  .0079934
T  410  8 .6088493E+08   4561630E+02 -.1604E+07  .3611E+06   .9999683 -.0070020  .0037808
T  411  8 .6067732E+08   4561631E+02  .2306E+07 -.3992E+06   .9999789  .0064948  .0000100
T  412  8 .6088186E+08   4561630E+02  .2941E+07  .1418E+06   .9999157  .0129586  .0007888
T  413  8 .6114855E+08   4561630E+02  .2497E+07 -.2679E+06   .9999722  .0074290 -.0006696
T  414  8 .6063483E+08   4561630E+02  .1800E+07 -.7183E+06   .9999925  .0034467 -.0017733
T  415  8 .6086882E+08   4561631E+02 -.3627E+06  .5643E+06   .9999968 -.0022750  .0010994
T  416  8 .6113502E+08   4561630E+02 -.1122E+07  .3111E+07   .9999785 -.0045890  .0046771
T  417  8 .6067639E+08   4561630E+02 -.2193E+07 -.9551E+06   .9999938 -.0016945 -.0030949
T  418  8 .6091690E+08   4561630E+02 -.7573E+05  .1462E+07   .9999985  .0001387  .0017340
T  419  8 .6088585E+08   4561631E+02 -.1719E+07  .1524E+07   .9999834 -.0043983  .0037163
T  420  8 .6066868E+08   4561630E+02  .5642E+07  .3339E+07   .9998878  .0105698  .0106126
T  421  8 .6086084E+08   4561630E+02 -.1542E+07  .1927E+07   .9999694 -.0055375  .0055330
T  422  8 .6078833E+08   4561630E+02 -.3800E+05  .1662E+06   .9999916 -.0026688  .0031220
T  423  8 .6071460E+08   4561631E+02 -.1656E+06  .4305E+06   .9999824 -.0054118  .0024289
T  424  8 .6076068E+08   4561630E+02 -.2854E+07 -.4371E+06   .9999242 -.0118427 -.0033826
T  425  8 .6095588E+08   4561630E+02 -.1141E+06  .6818E+06   .9999842 -.0055632  .0007544
T  426  8 .6063948E+08   4561630E+02 -.1367E+07  .6919E+06   .9999622 -.0035336  .0079398
T  427  8 .6075970E+08   4561630E+02 -.3606E+05  .8356E+06   .9999954  .0008276  .0029199
T  428  8 .6104160E+08   4561631E+02  .2977E+06 -.1555E+07   .9999741  .0006792 -.0071618
T  429  8 .6076261E+08   4561630E+02  .3000E+06 -.7497E+06   .9999982  .0018287 -.0005103
T  430  8 .6096841E+08   4561630E+02  .6509E+06 -.1602E+07   .9999869  .0005446 -.0050839
T  431  8 .6083507E+08   4561630E+02 -.3065E+07 -.2858E+07   .9999371 -.0065942 -.0090696
T  432  8 .6081815E+08   4561630E+02 -.2334E+07  .4468E+06   .9999849 -.0051825  .0018120
T  433  8 .6065348E+08   4561630E+02  .1378E+06 -.1894E+07   .9999948  .0002233 -.0032165
T  434  8 .6066275E+08   4561630E+02 -.6460E+05 -.1507E+07   .9999917  .0039595 -.0009967
T  435  8 .6089540E+08   4561631E+02  .3074E+07  .1229E+07   .9999491  .0098048  .0023915
T  436  8 .6074871E+08   4561630E+02  .2015E+07 -.1202E+07   .9999312  .0075968 -.0089428
T  437  8 .6085028E+08   4561630E+02 -.1829E+07 -.2628E+07   .9999701 -.0043104 -.0064172
T  438  8 .6089214E+08   4561631E+02  .4500E+06  .1938E+07   .9999795  .0031032  .0056021
T  439  8 .6083704E+08   4561631E+02  .4809E+07  .1138E+07   .9999249  .0106318  .0060926
T  440  8 .6082502E+08   4561630E+02 -.1607E+07 -.3133E+07   .9999670 -.0041278 -.0070000
T  441  8 .6075846E+08   4561630E+02  .3189E+06  .2129E+07   .9999914  .0001538  .0041503
T  442  8 .6079508E+08   4561631E+02 -.1018E+07 -.2072E+07   .9999886 -.0007164 -.0047200
T  443  8 .6077328E+08   4561631E+02 -.1238E+07  .1259E+07   .9999927 -.0020911  .0031929
T  444  8 .6093069E+08   4561630E+02  .4126E+06  .1387E+07   .9999863 -.0000452  .0052370
T  445  8 .6091132E+08   4561631E+02 -.6771E+06 -.1784E+07   .9999500 -.0010673 -.0099464
T  446  8 .6088431E+08   4561630E+02 -.3034E+06 -.1769E+06   .9999973 -.0021518  .0008209
T  447  8 .6100651E+08   4561630E+02  .1138E+07  .9199E+06   .9999954  .0023598  .0019274
T  448  8 .6079383E+08   4561630E+02 -.8618E+06 -.2415E+07   .9999808 -.0017059 -.0059520
T  449  8 .6098229E+08   4561631E+02  .4593E+06 -.1107E+06   .9999989  .0013763 -.0005951
T  450  8 .6092657E+08   4561631E+02 -.4431E+06 -.2825E+06   .9999998  .0003077 -.0005767
T  451  8 .6076742E+08   4561630E+02 -.2288E+07  .6384E+06   .9999844 -.0053004  .0017492
T  452  8 .6071057E+08   4561630E+02  .3662E+05  .1571E+07   .9999659  .0011315  .0081854
T  453  8 .6103723E+08   4561631E+02 -.2236E+07  .1594E+07   .9999601 -.0088405  .0013003
T  454  8 .6086813E+08   4561630E+02  .3048E+06  .6678E+06   .9999993 -.0006486 -.0010088
T  455  8 .6085964E+08   4561630E+02  .7619E+06  .1086E+07   .9999934  .0024757  .0026531
T  456  8 .6090149E+08   4561630E+02 -.3235E+06  .1067E+07   .9999932 -.0014065  .0033999
T  457  8 .6079327E+08   4561630E+02  .1955E+07  .1588E+07   .9999648  .0074393  .0038886
T  458  8 .6082147E+08   4561631E+02  .1466E+07  .1393E+07   .9999830  .0031654  .0048994
T  459  8 .6090428E+08   4561631E+02 -.3726E+07  .1666E+07   .9999630 -.0084649  .0015146
T  460  8 .6075836E+08   4561630E+02  .2429E+06 -.6612E+06   .9999959  .0028068 -.0005701
T  461  8 .6080314E+08   4561631E+02 -.1482E+06  .7431E+06   .9999968 -.0022898  .0010987
T  462  8 .6084832E+08   4561630E+02 -.2036E+07 -.2287E+06   .9999747 -.0071046 -.0003705
T  463  8 .6084943E+08   4561630E+02 -.6828E+06  .2095E+07   .9999907 -.0024921  .0035151
T  464  8 .6100151E+08   4561630E+02 -.4411E+06 -.1711E+06   .9999947 -.0009164 -.0031357
T  465  8 .6081825E+08   4561630E+02 -.5912E+06 -.9417E+06   .9999979 -.0020174  .0004388
T  466  8 .6094591E+08   4561630E+02  .3281E+06  .1872E+06   .9999962  .0027410 -.0002140
T  467  8 .6071167E+08   4561631E+02 -.2487E+07 -.2432E+07   .9999606 -.0071893 -.0052146
T  468  8 .6066673E+08   4561631E+02  .1356E+07 -.1001E+07   .9999878  .0020127 -.0045066
T  469  8 .6082315E+08   4561630E+02  .8606E+06  .3555E+06   .9999600  .0045689  .0076923
T  470  8 .6097232E+08   4561630E+02  .1071E+07 -.2632E+06   .9999982  .0014318 -.0012056
T  471  8 .6080119E+08   4561630E+02 -.6882E+06 -.1654E+07   .9999913 -.0002127 -.0041581
T  472  8 .6076976E+08   4561631E+02  .5126E+06 -.1747E+07   .9999970  .0016293 -.0018442
T  473  8 .6082999E+08   4561630E+02  .2768E+07 -.3545E+06   .9999288  .0114275 -.0034393
T  474  8 .6091441E+08   4561631E+02  .4149E+06 -.1761E+07   .9999770  .0058609 -.0034263
T  475  8 .6090936E+08   4561630E+02  .4543E+07  .5557E+07   .9998465  .0120088  .0127549
T  476  8 .6071254E+08   4561630E+02 -.2948E+07  .2117E+07   .9999681 -.0066940  .0043632
T  477  8 .6079022E+08   4561630E+02  .3506E+06  .1682E+07   .9999870  .0018936  .0047442
T  478  8 .6085581E+08   4561631E+02 -.1730E+07  .9239E+06   .9999857 -.0049465 -.0020378
T  479  8 .6080828E+08   4561630E+02 -.3323E+06  .2884E+07   .9999685 -.0007929  .0078935
T  480  8 .6081947E+08   4561630E+02  .1015E+07  .1258E+07   .9999778  .0038480  .0054490
T  481  8 .6101113E+08   4561630E+02 -.2763E+06  .3478E+06   .9999992 -.0005157  .0011643
T  482  8 .6085771E+08   4561631E+02 -.1372E+07  .3638E+07   .9997062 -.0047414  .0237690
T  483  8 .6075069E+08   4561630E+02  .8492E+06 -.2833E+07   .9999851  .0000448 -.0054596
T  484  8 .6086091E+08   4561630E+02  .1284E+07  .4516E+06   .9999975  .0019661 -.0010269
T  485  8 .6126911E+08   4561631E+02 -.3493E+06  .3934E+06   .9999910 -.0032807  .0026749
T  486  8 .6090332E+08   4561631E+02  .6488E+06  .1285E+07   .9999991  .0004317  .0012485
T  487  8 .6089073E+08   4561630E+02 -.2061E+06 -.1479E+06   .9999983 -.0000347 -.0018367
T  488  8 .6089785E+08   4561630E+02  .1530E+07  .1063E+06   .9999918  .0039941 -.0007246
T  489  8 .6068675E+08   4561630E+02  .3140E+07  .3046E+07   .9999480  .0086738  .0053718
T  490  8 .6064380E+08   4561630E+02 -.5356E+06  .1834E+07   .9999861 -.0023982  .0046933
T  491  8 .6097410E+08   4561630E+02 -.2015E+07  .1600E+06   .9999803 -.0056753 -.0026977
T  492  8 .6062505E+08   4561631E+02 -.1038E+07  .2928E+07   .9999693 -.0009938  .0077784
T  493  8 .6081457E+08   4561630E+02  .6254E+06  .9265E+06   .9999983  .0018351 -.0001596
T  494  8 .6071619E+08   4561630E+02 -.5323E+07 -.1535E+07   .9999182 -.0127465  .0010496
T  495  8 .6090228E+08   4561631E+02  .1089E+07 -.2341E+07   .9999535  .0029146 -.0091954
T  496  8 .6093575E+08   4561631E+02  .7534E+06  .2753E+07   .9999862  .0008734  .0051787
T  497  8 .6080260E+08   4561631E+02 -.3256E+07 -.3964E+07   .9998630 -.0119735 -.0114285
T  498  8 .6073646E+08   4561631E+02  .3183E+07 -.2044E+07   .9999488  .0088996 -.0048139
T  499  8 .6066111E+08   4561630E+02 -.1100E+07 -.1238E+07   .9999660 -.0038040 -.0073139
T  500  8 .6100684E+08   4561631E+02 -.1228E+07 -.3742E+06   .9999836 -.0057203  .0004172
T  501  8 .6082581E+08   4561630E+02  .7191E+06 -.4512E+06   .9999946  .0008922 -.0031695
T  502  8 .6069829E+08   4561630E+02 -.5231E+06  .4690E+05   .9999891 -.0006180 -.0046179
T  503  8 .6079946E+08   4561631E+02  .1969E+07 -.1018E+06   .9999793  .0063999 -.0006336
T  504  8 .6071798E+08   4561630E+02 -.2330E+07  .8096E+06   .9999914 -.0025520  .0032746
T  505  8 .6077767E+08   4561630E+02 -.5670E+06  .2101E+06   .9999917 -.0039486  .0010510
T  506  8 .6067774E+08   4561631E+02 -.1752E+07 -.2633E+07   .9999708 -.0024738 -.0072248
T  507  8 .6080367E+08   4561631E+02 -.2485E+07  .6714E+05   .9999499 -.0099806  .0007687
T  508  8 .6072084E+08   4561630E+02  .1352E+07  .1904E+07   .9999993  .0010121 -.0005338
T  509  8 .6058717E+08   4561630E+02 -.1781E+07  .3621E+06   .9999311 -.0114028  .0027702
T  510  8 .6072316E+08   4561630E+02  .4073E+07 -.1051E+06   .9999534  .0096498 -.0004086
T  511  8 .6074598E+08   4561630E+02 -.2546E+06 -.3497E+07   .9999494  .0014915 -.0099507
T  512  8 .6090152E+08   4561630E+02 -.3610E+06 -.8632E+06   .9999574  .0024125 -.0089144
T  513  8 .6085738E+08   4561631E+02  .1432E+06  .8224E+06   .9999993  .0010515  .0006200
T  514  8 .6095896E+08   4561631E+02 -.9265E+06 -.1234E+07   .9999964 -.0022747 -.0014026
T  515  8 .6091730E+08   4561631E+02  .2195E+06 -.6405E+06   .9999991  .0006962 -.0011077
T  516  8 .6060385E+08   4561630E+02 -.9232E+06 -.1084E+07   .9999970 -.0023929 -.0005963
T  517  8 .6086564E+08   4561630E+02  .1202E+06 -.1066E+07   .9999960 -.0014014 -.0024616
T  518  8 .6088115E+08   4561630E+02  .4648E+06  .2236E+07   .9999800 -.0018797  .0060426
T  519  8 .6092792E+08   4561630E+02  .1027E+07 -.7769E+06   .9999939  .0033905 -.0008298
T  520  8 .6077525E+08   4561630E+02  .7705E+06 -.7880E+06   .9999781  .0048162 -.0045388
T  521  8 .6089778E+08   4561630E+02  .2720E+07  .2589E+07   .9999035  .0118427  .0072624
T  522  8 .6090104E+08   4561630E+02  .1141E+07 -.2343E+07   .9999797  .0016545 -.0061538
T  523  8 .6097576E+08   4561630E+02  .6900E+06 -.4811E+06   .9999959  .0027735 -.0007182
T  524  8 .6076236E+08   4561630E+02  .1058E+07  .6413E+06   .9999819  .0049808  .0033753
T  525  8 .6092973E+08   4561630E+02 -.1027E+07 -.1851E+07   .9999847  .0009095 -.0054644
T  526  8 .6061412E+08   4561630E+02  .4179E+07  .4437E+07   .9999140  .0096166  .0089185
T  527  8 .6096549E+08   4561631E+02 -.8744E+06 -.7934E+06   .9999931 -.0029359 -.0022577
T  528  8 .6076080E+08   4561631E+02 -.7949E+05  .1697E+07   .9999830 -.0009756  .0057488
T  529  8 .6095954E+08   4561631E+02 -.2275E+07  .3692E+06   .9999800 -.0062820  .0006677
T  530  8 .6056738E+08   4561630E+02  .1864E+07 -.8822E+06   .9999939  .0030537  .0017207
T  531  8 .6068664E+08   4561631E+02  .9380E+06  .1066E+07   .9999986  .0014288  .0009059
T  532  8 .6087786E+08   4561631E+02  .1609E+06 -.7513E+06   .9999959  .0018333 -.0022035
T  533  8 .6086212E+08   4561630E+02  .1416E+07  .1620E+07   .9999852  .0043914  .0032170
T  534  8 .6086108E+08   4561631E+02  .4945E+07  .2226E+07   .9999539  .0095475 -.0010400
T  535  8 .6097172E+08   4561631E+02 -.1862E+07 -.2087E+06   .9999892 -.0040270  .0023196
T  536  8 .6072109E+08   4561631E+02 -.2501E+07  .6905E+06   .9999762 -.0060763  .0032661
T  537  8 .6093189E+08   4561630E+02  .1603E+07 -.8820E+06   .9999886  .0032966 -.0034587
T  538  8 .6073838E+08   4561631E+02  .1672E+07  .8967E+06   .9999903  .0043667  .0005094
T  539  8 .6069099E+08   4561631E+02  .1189E+07  .1205E+06   .9999952  .0011106  .0029008
T  540  8 .6092642E+08   4561631E+02  .7126E+06  .2168E+07   .9999441 -.0028761  .0101792
T  541  8 .6083504E+08   4561630E+02 -.2106E+07 -.1114E+06   .9999691 -.0077223 -.0014656
T  542  8 .6070789E+08   4561630E+02 -.3623E+06  .3381E+05   .9999994 -.0001586  .0010779
T  543  8 .6128255E+08   4561631E+02 -.8523E+06  .1085E+05   .9999970 -.0022082  .0010708
T  544  8 .6121293E+08   4561630E+02 -.1726E+07 -.2814E+06   .9999952 -.0031039 -.0002218
T  545  8 .6088528E+08   4561630E+02 -.3919E+06  .7695E+06   .9999933 -.0012256  .0034636
T  546  8 .6067049E+08   4561630E+02 -.1226E+07 -.4767E+06   .9999919 -.0029871 -.0027145
T  547  8 .6066880E+08   4561630E+02  .2567E+07  .8164E+06   .9999826  .0054038  .0023653
T  548  8 .6088468E+08   4561630E+02  .2348E+06  .5474E+06   .9999964 -.0020772  .0016869
T  549  8 .6090013E+08   4561631E+02  .1771E+06 -.1426E+06   .9999992  .0008926  .0008477
T  550  8 .6063370E+08   4561630E+02  .1090E+07 -.7446E+06   .9999950  .0027816 -.0015054
T  551  8 .6090283E+08   4561630E+02 -.3220E+07  .2596E+07   .9999374 -.0098003  .0054065
T  552  8 .6091859E+08   4561630E+02  .2993E+07 -.6842E+06   .9999732  .0054545 -.0048740
T  553  8 .6092546E+08   4561630E+02  .1889E+07  .9924E+05   .9998904  .0145139  .0029355
T  554  8 .6079277E+08   4561630E+02 -.2039E+07  .1126E+07   .9999856 -.0050941  .0016669
T  555  8 .6076937E+08   4561630E+02  .3414E+06  .2237E+06   .9999967  .0025519 -.0000184
T  556  8 .6093486E+08   4561630E+02 -.1845E+07  .8645E+06   .9999878 -.0040758  .0027835
T  557  8 .6095404E+08   4561631E+02  .2221E+07  .2811E+07   .9999670  .0036115  .0072748
T  558  8 .6090484E+08   4561630E+02 -.4837E+05 -.9212E+05   .9999975 -.0022119 -.0001448
T  559  8 .6113508E+08   4561630E+02 -.3672E+07  .2400E+06   .9999558 -.0093361 -.0011237
T  560  8 .6073001E+08   4561630E+02 -.6541E+06  .3254E+06   .9999993 -.0002894  .0011488
T  561  8 .6085228E+08   4561630E+02 -.1618E+07 -.1932E+07   .9999706 -.0071114 -.0028802
T  562  8 .6096335E+08   4561630E+02  .1465E+07  .1916E+07   .9999768  .0047959  .0048338
T  563  8 .6108025E+08   4561630E+02  .2084E+07 -.2373E+06   .9999730  .0072490 -.0011946
T  564  8 .6086039E+08   4561631E+02  .1731E+07  .2496E+06   .9999917  .0039642  .0009341
T  565  8 .6072066E+08   4561630E+02  .2181E+07 -.1335E+06   .9999838  .0055385 -.0012894
T  566  8 .6094691E+08   4561631E+02  .6813E+06 -.1715E+07   .9999815  .0050777 -.0033536
T  567  8 .6092650E+08   4561631E+02  .8358E+05 -.1020E+07   .9999910 -.0000403 -.0042512
T  568  8 .6114183E+08   4561631E+02  .3891E+07  .1211E+06   .9999562  .0093381 -.0006522
T  569  8 .6075844E+08   4561630E+02 -.3598E+07 -.1419E+07   .9999805 -.0062388  .0001387
T  570  8 .6090337E+08   4561631E+02  .2236E+07  .5320E+06   .9999810  .0058878  .0018293
T  571  8 .6071717E+08   4561630E+02 -.6706E+06 -.1559E+07   .9999853 -.0017597 -.0051354
T  572  8 .6089910E+08   4561631E+02 -.3456E+06  .1866E+06   .9999962 -.0026254 -.0008789
T  573  8 .6078705E+08   4561631E+02 -.1091E+07  .1084E+07   .9999945 -.0020614  .0025867
T  574  8 .6080421E+08   4561630E+02 -.9200E+06 -.2720E+06   .9999955 -.0026116 -.0014462
T  575  8 .6088350E+08   4561630E+02 -.3747E+06 -.1308E+07   .9999881 -.0046195 -.0015977
T  576  8 .6095605E+08   4561630E+02  .4229E+06 -.7746E+06   .9999995 -.0007227  .0006891
T  577  8 .6077445E+08   4561630E+02  .1842E+06 -.5092E+06   .9999949  .0013228 -.0028970
T  578  8 .6093081E+08   4561631E+02 -.8164E+06  .1045E+07   .9999764 -.0018217  .0066306
T  579  8 .6073801E+08   4561631E+02  .1027E+07 -.2050E+07   .9999743  .0041309 -.0058672
T  580  8 .6069886E+08   4561631E+02 -.1332E+07 -.4036E+05   .9999961 -.0025128  .0012054
T  581  8 .6064949E+08   4561630E+02  .1070E+07 -.1459E+07   .9999804  .0055823 -.0028365
T  582  8 .6099281E+08   4561630E+02  .2395E+06  .8112E+06   .9999960  .0014205  .0024254
T  583  8 .6088190E+08   4561630E+02  .1499E+07  .4372E+06   .9999966 -.0022130  .0013663
T  584  8 .6083983E+08   4561630E+02  .2164E+06  .4427E+06   .9999948  .0028535  .0014745
T  585  8 .6093955E+08   4561630E+02 -.4043E+07  .1191E+07   .9999329 -.0110310  .0035434
T  586  8 .6052595E+08   4561630E+02  .1119E+06 -.3900E+06   .9999984  .0002306 -.0017794
T  587  8 .6080753E+08   4561631E+02  .5939E+06 -.2460E+06   .9999990 -.0012333 -.0006425
T  588  8 .6084641E+08   4561631E+02  .3859E+07 -.5718E+07   .9999150  .0091731 -.0092681
T  589  8 .6069452E+08   4561630E+02 -.2495E+07 -.8795E+06   .9999772 -.0067564 -.0001910
T  590  8 .6081382E+08   4561630E+02 -.3177E+06  .2782E+07   .9999719 -.0023515  .0071221
T  591  8 .6071663E+08   4561630E+02  .7961E+06 -.2508E+06   .9999928  .0028830  .0024869
T  592  8 .6091502E+08   4561630E+02  .9713E+06 -.6954E+06   .9999899  .0044209 -.0007739
T  593  8 .6079086E+08   4561631E+02  .2366E+06 -.1193E+07   .9999947  .0001922 -.0032581
T  594  8 .6103865E+08   4561630E+02  .1086E+07  .1204E+07   .9999753  .0041092  .0057087
T  595  8 .6101613E+08   4561630E+02  .1114E+07  .4132E+06   .9999798  .0039166  .0050104
T  596  8 .6077523E+08   4561630E+02 -.8851E+06  .1775E+07   .9999855 -.0015581  .0051502
T  597  8 .6095649E+08   4561630E+02  .1019E+07  .1640E+07   .9999914  .0011006  .0039927
T  598  8 .6093729E+08   4561630E+02 -.1207E+07 -.2991E+07   .9999745 -.0046031 -.0054681
T  599  8 .6073122E+08   4561630E+02  .1090E+07 -.2265E+06   .9999993 -.0010925 -.0004014
T  600  8 .6090455E+08   4561630E+02 -.9963E+06  .1432E+07   .9999964 -.0008129  .0025489
T  601  8 .6087835E+08   4561630E+02  .5995E+07 -.5332E+07   .9998227  .0123604 -.0142025
T  602  8 .6092183E+08   4561631E+02 -.1162E+07  .2718E+07   .9999588 -.0044279  .0079223
T  603  8 .6071089E+08   4561631E+02  .5901E+06  .4117E+06   .9999933  .0035889 -.0006985
T  604  8 .6083526E+08   4561631E+02  .7661E+06  .7326E+06   .9999842  .0032741  .0045751
T  605  8 .6077986E+08   4561630E+02  .3169E+07 -.5521E+06   .9999509  .0095920 -.0024775
T  606  8 .6068030E+08   4561630E+02  .1542E+08  .1236E+08   .9988828  .0358739  .0307602
T  607  8 .6065433E+08   4561631E+02  .7131E+06 -.9362E+06   .9999943  .0009311 -.0032582
T  608  8 .6090995E+08   4561630E+02  .9053E+06  .5318E+06   .9999893  .0040254 -.0022928
T  609  8 .6100251E+08   4561630E+02  .4134E+06  .3103E+06   .9999979  .0012320  .0016076
T  610  8 .6090831E+08   4561630E+02  .1802E+06  .3977E+05   .9999985  .0002115  .0017416
T  611  8 .6097861E+08   4561630E+02 -.1333E+07  .9039E+06   .9999976 -.0019694  .0009526
T  612  8 .6104707E+08   4561630E+02  .5366E+06  .2211E+05   .9999978  .0017803  .0010827
T  613  8 .6057905E+08   4561630E+02  .1159E+07 -.9493E+06   .9999791  .0054317 -.0034950
T  614  8 .6073321E+08   4561630E+02 -.8415E+06  .1450E+07   .9999070 -.0069181  .0117495
T  615  8 .6086116E+08   4561630E+02 -.2608E+07  .6587E+06   .9999559 -.0090172  .0026114
T  616  8 .6095644E+08   4561630E+02 -.9354E+06  .1409E+07   .9999971 -.0005243  .0023439
T  617  8 .6092678E+08   4561631E+02 -.1434E+07 -.1353E+07   .9999940 -.0023599 -.0025468
T  618  8 .6063958E+08   4561630E+02 -.1593E+07  .1014E+07   .9999982 -.0017441  .0006987
T  619  8 .6090174E+08   4561631E+02  .1586E+07  .5280E+06   .9999891  .0027679  .0037675
T  620  8 .6087237E+08   4561631E+02  .8538E+06  .3510E+05   .9999994  .0005516 -.0009858
T  621  8 .6079552E+08   4561630E+02  .4086E+06 -.2117E+06   .9999957 -.0001068 -.0029215
T  622  8 .6075590E+08   4561631E+02 -.1013E+07  .6648E+06   .9999896 -.0039498 -.0022926
T  623  8 .6087885E+08   4561630E+02  .1491E+07  .3095E+07   .9999783 -.0000854  .0065853
T  624  8 .6069945E+08   4561631E+02  .1194E+07  .6935E+06   .9999967  .0021295  .0014094
T  625  8 .6091925E+08   4561631E+02  .6050E+06 -.1729E+07   .9999704  .0023380 -.0073310
T  626  8 .6083158E+08   4561630E+02 -.5279E+06 -.8675E+06   .9999998 -.0001564  .0005306
T  627  8 .6060325E+08   4561631E+02 -.1374E+07  .2681E+06   .9999981 -.0019323 -.0003307
T  628  8 .6081414E+08   4561630E+02 -.1596E+07  .3824E+06   .9999908 -.0041404  .0011567
T  629  8 .6091217E+08   4561631E+02 -.5253E+06 -.3705E+07   .9999417 -.0028600 -.0104168
T  630  8 .6083484E+08   4561630E+02  .9778E+06 -.1762E+07   .9999885  .0012394 -.0046263
T  631  8 .6068479E+08   4561630E+02  .1298E+06 -.2920E+07   .9999558 -.0004274 -.0093879
T  632  8 .6091512E+08   4561631E+02  .2484E+07 -.2153E+07   .9999738  .0046169 -.0055698
T  633  8 .6093298E+08   4561630E+02 -.3473E+07 -.2677E+05   .9999618 -.0085859 -.0016539
T  634  8 .6079179E+08   4561630E+02  .5328E+06 -.1945E+07   .9999915  .0022238 -.0034665
T  635  8 .6087632E+08   4561631E+02  .2008E+07 -.1819E+07   .9999942  .0019182 -.0028114
T  636  8 .6094686E+08   4561630E+02 -.1145E+07  .1448E+06   .9999975 -.0020252  .0009690
T  637  8 .6100606E+08   4561630E+02 -.1653E+07 -.7274E+06   .9999700 -.0050214 -.0058908
T  638  8 .6085035E+08   4561631E+02  .2178E+06 -.1587E+07   .9999936  .0012527 -.0033620
T  639  8 .6079203E+08   4561631E+02  .3041E+07  .1246E+07   .9999523  .0086269  .0045862
T  640  8 .6070137E+08   4561630E+02 -.2303E+07 -.8920E+06   .9999695 -.0057043 -.0053439
T  641  8 .6067236E+08   4561630E+02  .1850E+07 -.2181E+07   .9999710  .0058167 -.0049188
T  642  8 .6071542E+08   4561631E+02 -.7662E+06  .1749E+07   .9999759 -.0054254  .0043376
T  643  8 .6085354E+08   4561631E+02  .1433E+07 -.4583E+06   .9999952  .0020001  .0023794
T  644  8 .6095032E+08   4561630E+02  .1921E+06  .9374E+04   .9999951  .0030856 -.0004294
T  645  8 .6077528E+08   4561631E+02  .9843E+06  .3548E+06   .9999687  .0079097 -.0001064
T  646  8 .6080567E+08   4561631E+02  .2746E+06  .1670E+07   .9999858 -.0021051  .0048941
T  647  8 .6104368E+08   4561630E+02  .3032E+07 -.1215E+07   .9999590  .0087432 -.0023676
T  648  8 .6071882E+08   4561630E+02 -.2350E+07  .7628E+06   .9999733 -.0062064  .0038590
T  649  8 .6082939E+08   4561630E+02 -.6257E+06  .6862E+06   .9999998 -.0006339 -.0000851
T  650  8 .6084005E+08   4561631E+02 -.1350E+07  .1907E+07   .9999763 -.0050834  .0046328
T  651  8 .6092211E+08   4561630E+02  .1357E+06  .1308E+07   .9999967 -.0015370  .0020679
T  652  8 .6091812E+08   4561631E+02  .3710E+06  .2964E+06   .9999955 -.0029428 -.0005881
T  653  8 .6072814E+08   4561631E+02 -.2878E+07  .1920E+07   .9999802 -.0049754  .0038461
T  654  8 .6078827E+08   4561631E+02 -.1579E+07 -.5611E+06   .9999949 -.0005554 -.0031310
T  655  8 .6095951E+08   4561631E+02 -.1554E+07  .5118E+06   .9999834 -.0057462 -.0004315
T  656  8 .6089469E+08   4561630E+02  .1481E+07 -.2441E+07   .9999528  .0057662 -.0078173
T  657  8 .6071523E+08   4561631E+02  .1312E+07  .4836E+06   .9999941  .0034336  .0001256
T  658  8 .6090886E+08   4561630E+02  .6914E+05 -.6732E+06   .9999969  .0002479 -.0024711
T  659  8 .6093334E+08   4561630E+02 -.2252E+07 -.2082E+06   .9999826 -.0058925  .0000146
T  660  8 .6088929E+08   4561630E+02  .2646E+05  .5308E+06   .9999992 -.0011521  .0005673
T  661  8 .6085108E+08   4561630E+02 -.6778E+06 -.1998E+07   .9999743  .0000142 -.0071760
T  662  8 .6071236E+08   4561630E+02 -.7332E+05 -.6649E+06   .9999982 -.0009956 -.0015917
T  663  8 .6065883E+08   4561631E+02  .1113E+07 -.2227E+07   .9999873 -.0000694 -.0050316
T  664  8 .6080841E+08   4561631E+02 -.1353E+07  .2891E+06   .9999909 -.0042712 -.0002005
T  665  8 .6084014E+08   4561630E+02  .2532E+06 -.9548E+06   .9999851  .0004813 -.0054397
T  666  8 .6089450E+08   4561630E+02 -.1765E+07  .7240E+06   .9999806 -.0060511  .0014792
T  667  8 .6063300E+08   4561630E+02  .2475E+07  .2935E+07   .9999408  .0047809  .0097729
T  668  8 .6096595E+08   4561630E+02  .2510E+07 -.1745E+07   .9999548  .0077421 -.0055199
T  669  8 .6090956E+08   4561631E+02 -.8864E+06  .9888E+06   .9999991 -.0011850 -.0005591
T  670  8 .6078555E+08   4561630E+02 -.1440E+07  .1139E+07   .9999772 -.0042519  .0052509
T  671  8 .6092723E+08   4561630E+02  .1506E+07  .9911E+06   .9999945  .0009545  .0031700
T  672  8 .6088762E+08   4561630E+02  .2579E+07  .9940E+06   .9999571  .0089485 -.0024017
T  673  8 .6056607E+08   4561630E+02  .4369E+06  .3406E+06   .9999801 -.0032278  .0054154
T  674  8 .6055425E+08   4561630E+02  .2768E+06  .4750E+07   .9999653 -.0004858  .0083120
T  675  8 .6093060E+08   4561630E+02 -.3254E+07  .3483E+07   .9999394 -.0050678  .0097682
T  676  8 .6089618E+08   4561630E+02 -.2103E+06  .1288E+07   .9999943  .0033238  .0006449
T  677  8 .6091300E+08   4561631E+02 -.5233E+06 -.3922E+06   .9999956 -.0008113 -.0028700
T  678  8 .6091080E+08   4561630E+02  .1750E+07 -.7596E+06   .9999953  .0027827 -.0013160
T  679  8 .6101643E+08   4561631E+02 -.7104E+06  .2160E+06   .9999928 -.0026998  .0026616
T  680  8 .6066170E+08   4561631E+02  .1999E+07  .6602E+06   .9999932  .0036654  .0003470
T  681  8 .6084557E+08   4561630E+02  .7998E+06 -.7658E+06   .9999872  .0047721 -.0016811
T  682  8 .6096672E+08   4561630E+02  .2463E+07 -.3486E+06   .9997639  .0086155 -.0199471
T  683  8 .6098867E+08   4561631E+02  .2344E+07 -.1364E+06   .9999902  .0044161 -.0004085
T  684  8 .6080677E+08   4561630E+02 -.1002E+06  .1039E+07   .9999650 -.0018857  .0081548
T  685  8 .6105311E+08   4561630E+02  .2042E+06  .1005E+07   .9999698  .0009742  .0077152
T  686  8 .6100763E+08   4561631E+02  .3589E+06  .3205E+06   .9999971  .0023936 -.0001755
T  687  8 .6112669E+08   4561631E+02 -.1412E+07  .1245E+07   .9999872 -.0037911  .0033373
T  688  8 .6077202E+08   4561630E+02 -.1408E+07  .1074E+06   .9999963 -.0027109 -.0000803
T  689  8 .6077892E+08   4561631E+02  .7632E+06 -.6893E+06   .9999947  .0024162 -.0022025
T  690  8 .6091240E+08   4561630E+02 -.1637E+07  .5591E+06   .9999843 -.0055932  .0004468
T  691  8 .6109570E+08   4561630E+02  .5525E+06 -.3614E+07   .9999462  .0003373 -.0103632
T  692  8 .6095033E+08   4561630E+02 -.1233E+07 -.3395E+07   .9999914 -.0012132 -.0039722
T  693  8 .6093195E+08   4561631E+02  .9413E+06 -.8823E+06   .9999880  .0029739 -.0038807
T  694  8 .6087752E+08   4561630E+02 -.2683E+06  .3821E+06   .9999998 -.0005865 -.0003356
T  695  8 .6091130E+08   4561630E+02  .2571E+07  .1012E+07   .9999724  .0055947  .0048863
T  696  8 .6085936E+08   4561630E+02 -.1694E+07  .7389E+06   .9999995  .0009219  .0003657
T  697  8 .6096437E+08   4561630E+02 -.1126E+07 -.4323E+07   .9999440 -.0023675 -.0103154
T  698  8 .6075317E+08   4561631E+02  .4353E+06 -.3208E+06   .9999963  .0015189  .0022409
T  699  8 .6098656E+08   4561631E+02  .1237E+07  .4665E+07   .9999382  .0016046  .0110046
T  700  8 .6117021E+08   4561631E+02 -.8413E+06  .5504E+06   .9999810 -.0051173  .0034485
T  701  8 .6117488E+08   4561630E+02  .4389E+06  .2020E+07   .9999812  .0005512  .0061122
T  702  8 .6067428E+08   4561631E+02  .1311E+07 -.2041E+07   .9999875  .0046924 -.0017023
T  703  8 .6095963E+08   4561631E+02 -.1153E+08 -.1409E+08   .9992184 -.0246753 -.0308809
T  704  8 .6094390E+08   4561631E+02 -.1987E+07  .9924E+06   .9999857 -.0046708  .0025969
T  705  8 .6077048E+08   4561631E+02 -.2831E+07 -.4325E+06   .9999760 -.0065905 -.0021146
T  706  8 .6091517E+08   4561630E+02 -.1404E+07  .1438E+07   .9999833 -.0033025  .0047379
T  707  8 .6066496E+08   4561631E+02 -.9538E+05  .8281E+05   .9999938 -.0029328 -.0019470
T  708  8 .6095640E+08   4561630E+02 -.8150E+06  .4483E+07   .9999454 -.0015374  .0103402
T  709  8 .6087518E+08   4561631E+02  .1416E+06 -.5100E+06   .9999970  .0024580 -.0000713
T  710  8 .6078864E+08   4561631E+02 -.2637E+07 -.2968E+07   .9999605 -.0070116 -.0054618
T  711  8 .6092387E+08   4561630E+02  .5910E+06  .1414E+07   .9999854  .0047813  .0025072
T  712  8 .6080181E+08   4561630E+02  .8811E+06 -.8367E+06   .9999954  .0014218 -.0026813
T  713  8 .6096256E+08   4561631E+02  .2820E+06  .2129E+07   .9999926 -.0014099  .0035740
T  714  8 .6086990E+08   4561631E+02  .7519E+07 -.3366E+07   .9998622  .0159830 -.0044755
T  715  8 .6088805E+08   4561631E+02  .5168E+06  .8316E+06   .9999868  .0050307  .0009962
T  716  8 .6094297E+08   4561630E+02 -.9856E+06 -.2526E+06   .9999919 -.0040108 -.0002178
T  717  8 .6081919E+08   4561631E+02 -.3950E+06 -.5921E+06   .9999947  .0016847 -.0027760
T  718  8 .6089344E+08   4561630E+02 -.7623E+06  .3110E+07   .9999184 -.0020453  .0126106
T  719  8 .6057484E+08   4561631E+02  .5430E+06 -.2892E+07   .9999411  .0012547 -.0107817
T  720  8 .6081820E+08   4561630E+02  .1378E+07 -.4720E+07   .9998837  .0036032 -.0148172
T  721  8 .6083949E+08   4561630E+02 -.2047E+07 -.1681E+06   .9999900 -.0040698 -.0018717
T  722  8 .6095270E+08   4561631E+02  .3084E+07 -.7859E+06   .9999702  .0076448 -.0010967
T  723  8 .6094285E+08   4561630E+02  .1900E+07  .2964E+06   .9999874  .0045250  .0021925
T  724  8 .6080462E+08   4561630E+02 -.1486E+07 -.1007E+07   .9999955 -.0004851 -.0029687
T  725  8 .6101994E+08   4561630E+02 -.2364E+05 -.2293E+07   .9999579 -.0004374 -.0091611
T  726  8 .6084499E+08   4561631E+02 -.1780E+07  .1582E+06   .9999731 -.0071598 -.0016120
T  727  8 .6072678E+08   4561630E+02 -.8627E+06 -.1507E+07   .9999698 -.0054764 -.0055089
T  728  8 .6096407E+08   4561631E+02  .1158E+07  .1366E+06   .9999935  .0031262  .0018021
T  729  8 .6049914E+08   4561631E+02 -.1706E+07  .4738E+07   .9996138 -.0174799  .0216012
T  730  8 .6098014E+08   4561631E+02 -.4049E+06  .1599E+07   .9999873 -.0013308  .0048682
T  731  8 .6088487E+08   4561630E+02 -.3907E+06 -.1129E+07   .9999767  .0032148 -.0060180
T  732  8 .6085806E+08   4561630E+02 -.8221E+06 -.6008E+06   .9999644 -.0082797 -.0016513
T  733  8 .6073632E+08   4561631E+02  .2593E+07 -.5301E+06   .9999857  .0053350  .0003389
T  734  8 .6067032E+08   4561630E+02  .8571E+06  .3617E+06   .9999850  .0052726  .0014956
T  735  8 .6079852E+08   4561631E+02  .2172E+07 -.3238E+07   .9999278  .0085535 -.0084388
T  736  8 .6087875E+08   4561631E+02 -.1281E+07  .2096E+07   .9999639 -.0054344  .0065384
T  737  8 .6083724E+08   4561631E+02 -.1423E+07 -.1564E+07   .9999925 -.0037334 -.0010539
T  738  8 .6095364E+08   4561630E+02 -.5213E+06  .1630E+07   .9999914  .0011287  .0039969
T  739  8 .6071907E+08   4561630E+02  .8591E+06 -.5202E+06   .9999860  .0041261 -.0033220
T  740  8 .6069763E+08   4561630E+02 -.4572E+06  .3447E+06   .9999844 -.0053831  .0014741
T  741  8 .6073050E+08   4561630E+02 -.1718E+06  .1079E+06   .9999971  .0018821 -.0015207
T  742  8 .6071582E+08   4561630E+02  .6106E+06  .7379E+06   .9999962  .0026734  .0006763
T  743  8 .6078117E+08   4561630E+02 -.2523E+06  .2564E+07   .9999771 -.0016080  .0065766
T  744  8 .6083866E+08   4561630E+02  .1093E+07 -.7189E+06   .9999935  .0008269 -.0034984
T  745  8 .6084376E+08   4561631E+02  .2419E+07 -.5968E+06   .9999758  .0066295 -.0020870
T  746  8 .6072664E+08   4561630E+02 -.1801E+07  .4859E+06   .9999852 -.0054087 -.0005681
T  747  8 .6099408E+08   4561630E+02  .4570E+06 -.5182E+06   .9999821  .0014063 -.0058165
T  748  8 .6078665E+08   4561630E+02 -.3765E+06 -.1313E+07   .9999820 -.0020385 -.0056486
T  749  8 .6054578E+08   4561630E+02  .3243E+06 -.8491E+06   .9999848 -.0009494 -.0054323
T  750  8 .6077997E+08   4561630E+02 -.4084E+06  .1743E+07   .9999927 -.0017088  .0034191
T  751  8 .6075086E+08   4561630E+02 -.3373E+06  .1469E+07   .9999987 -.0010418  .0011904
T  752  8 .6089531E+08   4561631E+02 -.1686E+07 -.1537E+07   .9999900 -.0044647 -.0000560
T  753  8 .6101887E+08   4561631E+02 -.2370E+07  .6911E+06   .9999827 -.0052983  .0025578
T  754  8 .6076497E+08   4561631E+02 -.4503E+07  .7822E+07   .9997919 -.0108112  .0172988
T  755  8 .6075737E+08   4561630E+02 -.1465E+07 -.1706E+07   .9999829 -.0026561 -.0052123
T  756  8 .6099729E+08   4561630E+02  .9721E+05  .2026E+06   .9999997 -.0000805 -.0008000
T  757  8 .6084215E+08   4561630E+02 -.3314E+06 -.6701E+06   .9999984 -.0002804 -.0017411
T  758  8 .6067501E+08   4561630E+02 -.9731E+06 -.4877E+06   .9999923 -.0036929  .0013017
T  759  8 .6103593E+08   4561630E+02 -.1882E+07 -.1044E+07   .9999517 -.0082757 -.0052945
T  760  8 .6099024E+08   4561630E+02  .1177E+07  .7783E+06   .9999859  .0034732  .0040175
T  761  8 .6095438E+08   4561631E+02  .9683E+05 -.9602E+06   .9999942 -.0007012 -.0033421
T  762  8 .6073215E+08   4561630E+02 -.1381E+07  .2486E+07   .9999763 -.0038641  .0056960
T  763  8 .6089256E+08   4561631E+02  .1262E+06 -.6873E+06   .9999937  .0035519  .0002425
T  764  8 .6074946E+08   4561631E+02 -.3893E+06  .1867E+07   .9999761 -.0016876  .0067048
T  765  8 .6067445E+08   4561631E+02  .3516E+07 -.1392E+07   .9999813  .0040797 -.0045520
T  766  8 .6089318E+08   4561631E+02 -.4224E+07 -.3635E+06   .9999686 -.0075018  .0025605
T  767  8 .6075858E+08   4561630E+02 -.6740E+06 -.4682E+06   .9999933 -.0017623 -.0032034
T  768  8 .6068684E+08   4561630E+02 -.1224E+07 -.9856E+05   .9999821 -.0054804 -.0023832
T  769  8 .6056562E+08   4561631E+02 -.7996E+06  .7476E+06   .9999871 -.0046154  .0021296
T  770  8 .6094893E+08   4561630E+02 -.1998E+07  .2246E+07   .9999434 -.0072078  .0078300
T  771  8 .6077137E+08   4561630E+02 -.9973E+06 -.1483E+06   .9999959 -.0028416 -.0002572
T  772  8 .6081317E+08   4561630E+02  .1991E+07  .1770E+06   .9999763  .0066917  .0016471
T  773  8 .6077993E+08   4561631E+02 -.2018E+07  .3001E+06   .9999819 -.0059530  .0008344
T  774  8 .6110149E+08   4561630E+02  .1604E+07 -.5121E+06   .9999898  .0042023 -.0016667
T  775  8 .6057281E+08   4561631E+02 -.6529E+06 -.2221E+07   .9999652 -.0012630 -.0082438
T  776  8 .6099419E+08   4561630E+02 -.4668E+06  .1061E+06   .9999957 -.0013045  .0026332
T  777  8 .6083247E+08   4561631E+02  .1133E+06 -.1967E+07   .9999821 -.0015278 -.0057850
T  778  8 .6010573E+08   4561631E+02  .2135E+08  .2591E+08   .9972976  .0498698  .0539496
T  779  8 .6094668E+08   4561630E+02  .1226E+07  .5551E+06   .9999805  .0024060  .0057662
T  780  8 .6095318E+08   4561631E+02  .1180E+07  .8788E+06   .9999842  .0055880  .0006377
T  781  8 .6074077E+08   4561631E+02 -.4223E+06 -.1559E+06   .9999993 -.0001897  .0011743
T  782  8 .6082314E+08   4561631E+02  .5702E+06  .9815E+06   .9999841 -.0000363  .0056333
T  783  8 .6076691E+08   4561631E+02 -.1626E+07  .1252E+07   .9999739 -.0049328  .0052778
T  784  8 .6072385E+08   4561631E+02  .1346E+07  .3105E+06   .9999892  .0039108  .0025071
T  785  8 .6066426E+08   4561630E+02  .1195E+07  .5326E+06   .9999854  .0053859  .0004171
T  786  8 .6073019E+08   4561630E+02  .9679E+06  .5070E+06   .9999843  .0050411  .0024486
T  787  8 .6072651E+08   4561630E+02  .2090E+07  .1699E+07   .9999872  .0025113  .0043821
T  788  8 .6085748E+08   4561630E+02 -.1560E+06  .2548E+06   .9999775 -.0042968  .0051588
T  789  8 .6073708E+08   4561630E+02 -.4876E+07 -.1987E+07   .9998989 -.0139166 -.0029167
T  790  8 .6080820E+08   4561630E+02 -.7987E+06 -.3152E+06   .9999914 -.0040997  .0005777
T  791  8 .6116659E+08   4561630E+02 -.1401E+07 -.2722E+07   .9999578 -.0048158 -.0078186
T  792  8 .6085499E+08   4561630E+02 -.1228E+07 -.2067E+07   .9999788 -.0048065 -.0043938
T  793  8 .6059833E+08   4561630E+02  .2773E+07 -.2044E+07   .9999693  .0064656 -.0044233
T  794  8 .6058953E+08   4561630E+02  .1247E+07  .2095E+07   .9999765  .0032728  .0060225
T  795  8 .6082578E+08   4561631E+02  .2782E+07  .1755E+06   .9999544  .0081063 -.0050502
T  796  8 .6088698E+08   4561630E+02  .1574E+07  .1135E+06   .9999932  .0033088  .0016352
T  797  8 .6098955E+08   4561631E+02  .3007E+07  .2182E+07   .9999196  .0102838  .0074141
T  798  8 .6088050E+08   4561630E+02 -.3821E+05 -.4654E+06   .9999943 -.0033478 -.0003498
T  799  8 .6087911E+08   4561630E+02  .1316E+07  .1847E+07   .9999748  .0037614  .0060224
T  800  8 .6089161E+08   4561630E+02  .7276E+06 -.1470E+07   .9999952  .0005874 -.0030295
T  801  8 .6095433E+08   4561631E+02  .2286E+06 -.1997E+06   .9999932 -.0013527 -.0034436
T  802  8 .6088676E+08   4561630E+02 -.5357E+06 -.3087E+07   .9999550  .0000570 -.0094899
T  803  8 .6084585E+08   4561631E+02 -.9293E+06 -.8894E+06   .9999954 -.0030446  .0001375
T  804  8 .6115732E+08   4561630E+02  .6272E+06  .1053E+07   .9999929  .0034885 -.0013909
T  805  8 .6065798E+08   4561631E+02 -.3539E+06 -.7403E+06   .9999969 -.0011433 -.0022192
T  806  8 .6072027E+08   4561631E+02  .5313E+06 -.1881E+07   .9999999  .0001874  .0003555
T  807  8 .6092703E+08   4561631E+02  .8701E+06  .1775E+07   .9999723  .0002187  .0074413
T  808  8 .6099481E+08   4561631E+02 -.2226E+06  .1966E+07   .9999826 -.0004800  .0058872
T  809  8 .6098201E+08   4561631E+02 -.2625E+05 -.5183E+06   .9999899  .0022887  .0038676
T  810  8 .6098551E+08   4561631E+02  .1766E+06 -.2212E+07   .9999851  .0022393 -.0049870
T  811  8 .6071933E+08   4561630E+02 -.1929E+07 -.2412E+07   .9999570 -.0074863 -.0054807
T  812  8 .6064118E+08   4561631E+02 -.2110E+07  .1732E+07   .9999075 -.0098234  .0094123
T  813  8 .6085079E+08   4561631E+02  .1038E+07  .4378E+06   .9999938  .0026753  .0022944
T  814  8 .6091984E+08   4561630E+02  .1041E+06  .1335E+07   .9999932  .0000423  .0036904
T  815  8 .6066204E+08   4561630E+02  .1647E+07  .1378E+07   .9999778  .0032700  .0058090
T  816  8 .6069557E+08   4561630E+02  .2384E+07 -.1234E+06   .9999842  .0050483 -.0024613
T  817  8 .6094428E+08   4561630E+02 -.5799E+06  .3161E+07   .9999701 -.0011461  .0076430
T  818  8 .6078695E+08   4561630E+02 -.3254E+06  .1606E+07   .9999760 -.0019795  .0066404
T  819  8 .6084711E+08   4561630E+02 -.5043E+07 -.6244E+06   .9999500 -.0098952 -.0014684
T  820  8 .6054784E+08   4561630E+02  .5463E+07  .2518E+07   .9997814  .0190598  .0085918
T  821  8 .6085160E+08   4561631E+02 -.9442E+06  .6636E+07   .9998857 -.0010115  .0150836
T  822  8 .6081183E+08   4561631E+02  .2465E+06  .1626E+06   .9999967  .0012044  .0022855
T  823  8 .6092821E+08   4561630E+02  .2667E+06 -.5381E+06   .9999959  .0000266 -.0028606
T  824  8 .6088983E+08   4561630E+02 -.3369E+06  .3408E+07   .9999540 -.0022878  .0093189
T  825  8 .6080548E+08   4561631E+02  .1268E+07  .5999E+06   .9999906  .0032423  .0028833
T  826  8 .6083559E+08   4561630E+02 -.1307E+07  .6840E+06   .9999974 -.0022337  .0005446
T  827  8 .6086836E+08   4561630E+02  .2918E+06  .1049E+06   .9999991 -.0011510  .0006277
T  828  8 .6090929E+08   4561630E+02  .9107E+06  .1288E+07   .9999787  .0052518  .0038698
T  829  8 .6074832E+08   4561630E+02 -.5428E+06 -.8532E+06   .9999963 -.0022761 -.0015085
T  830  8 .6092491E+08   4561630E+02  .5929E+06 -.4569E+06   .9999917  .0040371 -.0006322
T  831  8 .6102550E+08   4561630E+02 -.1915E+07 -.2441E+06   .9999899 -.0037624 -.0024597
T  832  8 .6098427E+08   4561630E+02  .9997E+06 -.5022E+06   .9999959  .0021116  .0019171
T  833  8 .6095436E+08   4561630E+02  .1934E+06 -.1649E+06   .9999984 -.0017789 -.0001775
T  834  8 .6061089E+08   4561631E+02  .1002E+07  .2634E+07   .9999766 -.0004315  .0068342
T  835  8 .6077677E+08   4561631E+02  .1113E+07  .2505E+06   .9999884  .0046788  .0011232
T  836  8 .6076737E+08   4561630E+02 -.1574E+06 -.4777E+06   .9999890  .0032738 -.0033536
T  837  8 .6067591E+08   4561631E+02 -.5289E+06  .2286E+07   .9999889 -.0023578  .0040700
T  838  8 .6091930E+08   4561630E+02  .6638E+06  .1791E+07   .9999914 -.0015063  .0038702
T  839  8 .6101185E+08   4561630E+02 -.1928E+07  .8418E+06   .9999864 -.0037968  .0035862
T  840  8 .6087864E+08   4561631E+02  .2485E+07 -.7498E+06   .9999790  .0060532 -.0023264
T  841  8 .6086108E+08   4561631E+02 -.6971E+06  .4650E+06   .9999913  .0024130  .0033947
T  842  8 .6096353E+08   4561630E+02  .5272E+06 -.3151E+07   .9999752 -.0045227 -.0053929
T  843  8 .6099616E+08   4561631E+02 -.3757E+06 -.2288E+06   .9999993  .0006704  .0010219
T  844  8 .6099642E+08   4561631E+02  .1789E+07 -.3788E+07   .9998892  .0095947 -.0113785
T  845  8 .6111074E+08   4561630E+02 -.8600E+05 -.1147E+07   .9999985  .0013051 -.0011641
T  846  8 .6083939E+08   4561631E+02 -.4595E+06  .1469E+07   .9999820 -.0017609  .0057381
T  847  8 .6092349E+08   4561630E+02  .1363E+07  .1479E+06   .9999926  .0036681 -.0011661
T  848  8 .6103710E+08   4561630E+02 -.5179E+05  .3641E+05   .9999988 -.0014444  .0005467
T  849  8 .6075776E+08   4561630E+02  .8621E+06  .7145E+06   .9999870  .0041554  .0029644
T  850  8 .6077395E+08   4561630E+02  .3199E+06  .2584E+06   .9999997  .0007352  .0001119
T  851  8 .6099666E+08   4561630E+02  .1145E+07 -.1889E+07   .9999872  .0016713 -.0047698
T  852  8 .6056108E+08   4561630E+02 -.3943E+05 -.3477E+06   .9999988 -.0008383 -.0012820
T  853  8 .6109498E+08   4561630E+02 -.7240E+05 -.7686E+06   .9999906  .0013279 -.0041251
T  854  8 .6079649E+08   4561630E+02  .8530E+06 -.1618E+07   .9999534  .0090660  .0033289
T  855  8 .6093416E+08   4561630E+02 -.1451E+06  .2512E+06   .9999988 -.0014725  .0004282
T  856  8 .6089552E+08   4561630E+02  .7369E+06  .2101E+06   .9999895  .0043639 -.0013918
T  857  8 .6069174E+08   4561631E+02 -.1628E+07  .1440E+07   .9999634 -.0076921  .0037410
T  858  8 .6088339E+08   4561630E+02  .4274E+06 -.5937E+07   .9998979 -.0002679 -.0142879
T  859  8 .6075679E+08   4561631E+02 -.5396E+07  .2430E+07   .9999238 -.0107194  .0061220
T  860  8 .6082664E+08   4561630E+02  .2996E+06 -.5364E+05   .9999827  .0051162 -.0029104
T  861  8 .6100286E+08   4561630E+02  .1216E+07  .5197E+06   .9999933  .0036463  .0001544
T  862  8 .6095157E+08   4561630E+02 -.9590E+06 -.1573E+07   .9999918 -.0024910 -.0031787
T  863  8 .6088463E+08   4561630E+02  .2044E+07  .5331E+06   .9999701  .0076895  .0008648
T  864  8 .6090250E+08   4561631E+02 -.1391E+07  .1068E+07   .9999637 -.0069067  .0049845
T  865  8 .6084126E+08   4561630E+02  .5940E+06  .5199E+05   .9999977  .0009015  .0019392
T  866  8 .6078347E+08   4561630E+02 -.1203E+07  .2745E+06   .9999980 -.0003765  .0019683
T  867  8 .6065014E+08   4561630E+02  .9825E+06 -.1155E+06   .9999946  .0031942  .0008232
T  868  8 .6103734E+08   4561631E+02 -.3009E+07 -.4095E+06   .9998967 -.0117565 -.0082702
T  869  8 .6082894E+08   4561630E+02 -.4578E+06 -.6395E+06   .9999898 -.0007923 -.0044430
T  870  8 .6093307E+08   4561630E+02  .2877E+07 -.6577E+06   .9999932  .0025916 -.0026123
T  871  8 .6084474E+08   4561630E+02 -.5365E+06 -.2251E+07   .9999927  .0006418 -.0037778
T  872  8 .6082220E+08   4561630E+02  .5109E+06  .3842E+06   .9999979  .0007298  .0019346
T  873  8 .6074139E+08   4561631E+02 -.2337E+07  .2010E+07   .9999713 -.0056119  .0050912
T  874  8 .6113422E+08   4561630E+02 -.2897E+07  .2444E+07   .9999619 -.0066240  .0056807
T  875  8 .6093883E+08   4561630E+02 -.9695E+05 -.2534E+07   .9999753  .0017492 -.0068002
T  876  8 .6091826E+08   4561630E+02  .1930E+07 -.1699E+07   .9999538  .0015464 -.0094847
T  877  8 .6099936E+08   4561630E+02 -.1805E+07  .2288E+07   .9998210 -.0154015  .0109870
T  878  8 .6067497E+08   4561630E+02 -.1750E+06 -.1247E+07   .9999962 -.0011257 -.0025310
T  879  8 .6079298E+08   4561631E+02 -.9156E+06 -.1298E+07   .9999876 -.0032176 -.0037949
T  880  8 .6053558E+08   4561631E+02 -.3671E+06 -.1609E+07   .9999826  .0022024 -.0054802
T  881  8 .6063059E+08   4561630E+02  .3231E+06 -.8594E+06   .9999952  .0003509 -.0030877
T  882  8 .6090534E+08   4561631E+02  .3071E+06 -.5206E+06   .9999915  .0009789 -.0040008
T  883  8 .6099702E+08   4561630E+02 -.2449E+07  .6381E+06   .9999752 -.0068670  .0015433
T  884  8 .6070535E+08   4561630E+02 -.1547E+07  .2924E+06   .9999840 -.0040618  .0039273
T  885  8 .6085656E+08   4561630E+02 -.9473E+05 -.5969E+06   .9999857 -.0022269 -.0048702
T  886  8 .6080799E+08   4561630E+02 -.1380E+07  .6248E+06   .9999925 -.0038718  .0001885
T  887  8 .6102661E+08   4561631E+02 -.2075E+07  .2079E+07   .9999581 -.0087594  .0026568
T  888  8 .6092077E+08   4561630E+02  .5526E+06 -.4171E+06   .9999938  .0002063 -.0035045
T  889  8 .6100679E+08   4561630E+02 -.1386E+07 -.2240E+06   .9999905 -.0039952 -.0017260
T  890  8 .6073119E+08   4561630E+02  .1545E+07 -.2525E+07   .9999834  .0024544 -.0052069
T  891  8 .6084007E+08   4561630E+02  .1919E+06  .7138E+06   .9999970  .0005175  .0024149
T  892  8 .6070000E+08   4561630E+02 -.8710E+06 -.1261E+07   .9999860 -.0020629 -.0048683
T  893  8 .6070021E+08   4561630E+02  .2661E+06 -.1486E+07   .9999750  .0024361 -.0066431
T  894  8 .6083649E+08   4561630E+02 -.1529E+07  .5941E+06   .9999943 -.0032342  .0010037
T  895  8 .6089947E+08   4561631E+02  .5363E+06 -.2562E+07   .9999831 -.0031595 -.0048864
T  896  8 .6093507E+08   4561631E+02 -.3383E+06  .1824E+07   .9999971 -.0017427  .0016910
T  897  8 .6060475E+08   4561631E+02 -.2638E+07 -.1275E+05   .9999619 -.0087316 -.0002037
T  898  8 .6087724E+08   4561631E+02 -.1388E+07  .1579E+07   .9999817 -.0036166  .0048598
T  899  8 .6066040E+08   4561630E+02  .1882E+07 -.4740E+07   .9999523  .0049787 -.0083989
T  900  8 .6089443E+08   4561630E+02  .2445E+06 -.3689E+06   .9999970  .0012838  .0020782
T  901  8 .6083989E+08   4561630E+02  .2775E+06  .5557E+06   .9999921  .0022877  .0032393
T  902  8 .6071685E+08   4561630E+02  .3407E+07  .7553E+07   .9998352  .0068184  .0168245
T  903  8 .6107915E+08   4561631E+02  .1419E+06 -.3912E+05   .9999974  .0020273  .0009998
T  904  8 .6055497E+08   4561630E+02  .5731E+06  .1838E+07   .9999632  .0020433  .0083284
T  905  8 .6080323E+08   4561630E+02  .1960E+07  .8247E+06   .9999664  .0077655  .0026074
T  906  8 .6062246E+08   4561631E+02  .7057E+06 -.4298E+06   .9999883  .0028074 -.0039326
T  907  8 .6081500E+08   4561630E+02 -.2195E+07  .5576E+06   .9999758 -.0065981  .0022138
T  908  8 .6086567E+08   4561631E+02 -.1470E+07 -.3407E+06   .9999931 -.0031917 -.0019254
T  909  8 .6089671E+08   4561631E+02  .1119E+07 -.2208E+07   .9999744  .0039808 -.0059522
T  910  8 .6070556E+08   4561631E+02 -.1514E+07  .1307E+07   .9999673 -.0063714  .0049764
T  911  8 .6082747E+08   4561630E+02 -.8944E+06  .1475E+07   .9999692 -.0045293  .0064043
T  912  8 .6072467E+08   4561630E+02  .2885E+06  .1718E+07   .9999909 -.0020210  .0037540
T  913  8 .6081669E+08   4561631E+02  .6413E+06  .5917E+06   .9999961  .0027752 -.0001908
T  914  8 .6083120E+08   4561630E+02  .1662E+07  .5411E+06   .9999955  .0029395  .0005439
T  915  8 .6093500E+08   4561631E+02  .1870E+07 -.1605E+06   .9999940  .0034431 -.0004282
T  916  8 .6085051E+08   4561630E+02 -.1551E+07  .1050E+07   .9999904 -.0040516  .0016608
T  917  8 .6090059E+08   4561630E+02 -.2041E+07 -.4063E+07   .9999226 -.0015847 -.0123375
T  918  8 .6085567E+08   4561631E+02  .6560E+06  .1304E+07   .9999923  .0037511  .0011881
T  919  8 .6108433E+08   4561630E+02  .1952E+07 -.9467E+06   .9999776  .0060619 -.0028495
T  920  8 .6097400E+08   4561631E+02 -.4702E+07  .2210E+05   .9999571 -.0092110  .0009744
T  921  8 .6087140E+08   4561630E+02  .5858E+06  .1523E+06   .9999992  .0012342  .0000754
T  922  8 .6087037E+08   4561630E+02  .3123E+06 -.1754E+06   .9999929  .0003471 -.0037574
T  923  8 .6093791E+08   4561630E+02  .7387E+06 -.4313E+06   .9999924 -.0012169 -.0036929
T  924  8 .6099260E+08   4561630E+02  .2049E+07  .4263E+06   .9999833  .0051321  .0026675
T  925  8 .6089291E+08   4561630E+02  .4507E+07  .2351E+06   .9999183  .0121250  .0040479
T  926  8 .6093748E+08   4561630E+02  .6964E+06  .1365E+06   .9999997 -.0003015  .0006518
T  927  8 .6088158E+08   4561630E+02 -.6315E+06 -.4835E+06   .9999877 -.0044571 -.0021612
T  928  8 .6081035E+08   4561630E+02 -.7307E+06 -.5193E+06   .9999924 -.0013337 -.0036697
T  929  8 .6093513E+08   4561630E+02  .4483E+06  .1216E+07   .9999885 -.0013887  .0045980
T  930  8 .6090377E+08   4561630E+02 -.2078E+07 -.4722E+06   .9999862 -.0049772 -.0016664
T  931  8 .6094684E+08   4561630E+02  .3175E+05  .6389E+05   .9999981 -.0018518 -.0006612
T  932  8 .6090697E+08   4561630E+02  .5382E+06  .3486E+07   .9999190  .0014181  .0126471
T  933  8 .6056823E+08   4561630E+02  .1026E+07  .1728E+07   .9999308 -.0101600  .0059269
T  934  8 .6068478E+08   4561631E+02 -.1736E+06 -.2406E+06   .9999940 -.0024683 -.0024128
T  935  8 .6064851E+08   4561630E+02 -.1317E+06 -.1827E+07   .9999782  .0001459 -.0066076
T  936  8 .6087802E+08   4561631E+02  .6381E+06 -.3555E+06   .9999914  .0040957  .0006503
T  937  8 .6101472E+08   4561630E+02 -.3050E+06 -.4773E+06   .9999994 -.0010283 -.0003398
T  938  8 .6061215E+08   4561631E+02 -.7063E+06  .7482E+06   .9999959 -.0027406  .0008436
T  939  8 .6092712E+08   4561631E+02 -.3711E+07  .2373E+06   .9999638 -.0084913  .0005939
T  940  8 .6082123E+08   4561631E+02 -.2237E+06 -.3152E+07   .9999554 -.0025996 -.0090757
T  941  8 .6099984E+08   4561630E+02 -.4473E+06 -.6234E+06   .9999998  .0002888 -.0006417
T  942  8 .6075784E+08   4561631E+02 -.1673E+07 -.2235E+07   .9999616 -.0067906 -.0055339
T  943  8 .6069682E+08   4561631E+02  .1794E+07 -.1777E+06   .9999915  .0022218  .0034841
T  944  8 .6082046E+08   4561631E+02  .1415E+07  .6270E+06   .9999940  .0034512 -.0000235
T  945  8 .6069028E+08   4561630E+02 -.8819E+06  .2703E+07   .9999750 -.0011032  .0069781
T  946  8 .6081169E+08   4561631E+02  .2743E+07 -.1739E+07   .9999707  .0025492 -.0072239
T  947  8 .6054631E+08   4561630E+02 -.3150E+07 -.8625E+06   .9999671 -.0074586 -.0031835
T  948  8 .6072906E+08   4561631E+02 -.6709E+06 -.4216E+06   .9999942 -.0033085  .0008360
T  949  8 .6060449E+08   4561630E+02  .1045E+07  .1865E+06   .9999933  .0032345  .0016931
T  950  8 .6099482E+08   4561630E+02 -.2068E+07  .6961E+06   .9999971 -.0010617  .0021682
T  951  8 .6091297E+08   4561631E+02  .7028E+06 -.3970E+06   .9999867  .0051027 -.0007327
T  952  8 .6087241E+08   4561630E+02  .2936E+06  .1767E+07   .9999848 -.0039407  .0038623
T  953  8 .6090614E+08   4561630E+02  .2570E+06 -.1649E+07   .9999899  .0005920 -.0044595
T  954  8 .6093714E+08   4561631E+02  .1575E+07  .1426E+06   .9999881  .0045465 -.0017577
T  955  8 .6106115E+08   4561631E+02  .6537E+06 -.7126E+06   .9999972 -.0009332 -.0021600
T  956  8 .6073844E+08   4561631E+02 -.5919E+06  .2820E+07   .9999365  .0006337  .0112514
T  957  8 .6071600E+08   4561630E+02 -.9636E+05 -.8699E+06   .9999949  .0008957 -.0030587
T  958  8 .6084451E+08   4561631E+02  .5239E+06 -.2773E+07   .9999649 -.0022127 -.0080825
T  959  8 .6098204E+08   4561630E+02 -.1294E+06 -.2056E+07   .9999916 -.0025703 -.0031831
T  960  8 .6075135E+08   4561631E+02 -.6762E+06  .4051E+05   .9999995 -.0005483  .0008682
T  961  8 .6095902E+08   4561631E+02  .1428E+07  .1624E+07   .9999815  .0046031  .0039752
T  962  8 .6080968E+08   4561631E+02  .7901E+05  .6170E+07   .9999244  .0018151  .0121625
T  963  8 .6089653E+08   4561630E+02 -.4545E+06  .3109E+06   .9999915 -.0004529  .0041087
T  964  8 .6067148E+08   4561631E+02 -.5215E+06  .1406E+07   .9999944 -.0001530  .0033423
T  965  8 .6045890E+08   4561630E+02 -.6611E+06  .2953E+06   .9999983  .0013693  .0012665
T  966  8 .6098246E+08   4561631E+02  .3897E+06 -.2399E+07   .9999808  .0029188 -.0054578
T  967  8 .6091440E+08   4561630E+02  .6429E+06  .1795E+07   .9999936  .0026589  .0024105
T  968  8 .6079299E+08   4561630E+02 -.1318E+07  .2372E+07   .9999783 -.0041072  .0051442
T  969  8 .6083522E+08   4561630E+02  .8514E+06 -.1576E+07   .9999861  .0040380 -.0033957
T  970  8 .6058652E+08   4561630E+02 -.7703E+06 -.9233E+06   .9999944 -.0011215 -.0031507
T  971  8 .6102474E+08   4561630E+02  .7970E+06 -.4878E+06   .9999956  .0029528 -.0003484
T  972  8 .6078305E+08   4561631E+02 -.6133E+06  .1836E+07   .9999810 -.0017200  .0059268
T  973  8 .6101513E+08   4561630E+02  .2798E+07 -.5306E+06   .9999832  .0057836  .0002398
T  974  8 .6079768E+08   4561630E+02  .4962E+06  .1467E+07   .9999962  .0018850  .0020118
T  975  8 .6081395E+08   4561630E+02  .1733E+06  .8932E+06   .9999991  .0013021 -.0001530
T  976  8 .6106353E+08   4561630E+02  .3768E+07 -.3275E+05   .9999565  .0093167 -.0004655
T  977  8 .6098796E+08   4561630E+02 -.2973E+06  .6069E+06   .9999928  .0009418  .0036632
T  978  8 .6061660E+08   4561630E+02 -.1412E+07 -.1088E+07   .9999846 -.0052908 -.0016725
T  979  8 .6085916E+08   4561630E+02  .9534E+06 -.1835E+07   .9999974  .0005590 -.0022095
T  980  8 .6076465E+08   4561630E+02  .4037E+06  .8318E+06   .9999981  .0001604  .0019252
T  981  8 .6080940E+08   4561630E+02  .1417E+07  .1513E+07   .9999804  .0011243  .0061563
T  982  8 .6096920E+08   4561630E+02  .9008E+06 -.5726E+06   .9999999  .0003159 -.0000646
T  983  8 .6086908E+08   4561630E+02  .6586E+06 -.7948E+06   .9999957  .0026094 -.0013376
T  984  8 .6081585E+08   4561630E+02  .1413E+07 -.5362E+03   .9999923  .0039028 -.0003671
T  985  8 .6081201E+08   4561631E+02 -.9302E+06 -.4478E+07   .9999501 -.0046987 -.0088198
T  986  8 .6082836E+08   4561630E+02 -.9831E+06 -.1469E+07   .9999787 -.0057980 -.0029936
T  987  8 .6091532E+08   4561630E+02 -.2372E+06 -.1570E+06   .9999914  .0014082  .0039075
T  988  8 .6075665E+08   4561630E+02 -.1958E+07 -.3920E+06   .9999745 -.0071116  .0006210
T  989  8 .6075162E+08   4561630E+02 -.3377E+06  .2070E+06   .9999941 -.0033014 -.0009250
T  990  8 .6079607E+08   4561630E+02 -.1195E+07 -.5245E+06   .9999874 -.0048762  .0012297
T  991  8 .6078750E+08   4561631E+02  .8630E+06 -.7200E+05   .9999988  .0011865 -.0010136
T  992  8 .6088792E+08   4561631E+02 -.3247E+05  .4164E+05   .9999993 -.0000156 -.0011647
T  993  8 .6076750E+08   4561630E+02 -.9261E+06  .3965E+06   .9999890 -.0040483  .0023721
T  994  8 .6112053E+08   4561631E+02 -.4147E+07 -.1045E+07   .9999475 -.0097831 -.0030469
T  995  8 .6063806E+08   4561630E+02  .7616E+06  .3982E+07   .999929