============================== SRIM-2013.00 ==============================
==============================================================================
====== SRIM Outputs\RANGE_3D.txt : File of Final Ion Positions =====

Ion =  H (01)   Ion Mass= 001.0080
Energy  = 8000000.E-04 keV
Ion Angle to Surface = 00.0 degrees
==================== TARGET =======================
  Layer # 1 - ACTAR Gas
  Layer # 1 - Bottom Depth=100000.E+04 A
  Layer # 1 - Density =0000.0001 g/cm3
  Layer # 1 -  73 % of  H
  Layer # 1 -  19 % of  H
  Layer # 1 -  8 % of  C
==============================================================================
                                            
Ion       Depth  X   Lateral Y   Lateral Z  
Number    (Angstrom) (Angstrom)  (Angstrom) 
-------  ----------- ----------- -----------
0000001   6.5306E+08 -1.7268E+07 -8.7372E+06
0000002   6.5392E+08  2.8783E+06 -1.7214E+07
0000003   6.6082E+08 -6.9065E+06  3.7486E+06
0000004   6.5436E+08 -2.0511E+07  2.2708E+07
0000005   6.7209E+08 -7.1756E+06 -1.6725E+07
0000006   6.6050E+08 -3.8279E+06 -5.1647E+06
0000007   6.6717E+08  4.6327E+06 -1.5707E+07
0000008   6.6036E+08  8.0179E+06 -6.9475E+04
0000009   6.6227E+08 -7.8543E+06 -1.7772E+07
0000010   6.5905E+08 -4.6114E+06  8.5334E+06
0000011   6.6801E+08  3.5942E+06 -2.4526E+06
0000012   6.4991E+08  1.1527E+07 -4.8728E+06
0000013   6.5159E+08 -5.5176E+06  1.0658E+06
0000014   6.4597E+08  6.8340E+06  1.0645E+07
0000015   6.4956E+08  1.0878E+07 -6.6978E+06
0000016   6.6293E+08 -4.0282E+05  1.6568E+06
0000017   6.5178E+08 -3.0731E+06 -5.5387E+06
0000018   6.6244E+08 -1.5157E+07  2.6192E+05
0000019   6.6527E+08 -1.0335E+04  2.7925E+05
0000020   6.5576E+08  4.2182E+06 -7.2179E+05
0000021   6.6054E+08 -7.5912E+05 -2.9540E+06
0000022   6.6419E+08 -8.5650E+06 -2.9249E+05
0000023   6.4115E+08 -6.2094E+06  3.6251E+06
0000024   6.5324E+08  7.2558E+06 -6.4591E+06
0000025   6.5374E+08  1.1365E+07 -1.8928E+07
0000026   6.5438E+08 -4.6382E+06 -2.5834E+06
0000027   6.5741E+08 -9.2295E+06 -9.7472E+06
0000028   6.6087E+08 -9.1614E+06 -1.5222E+07
0000029   6.6036E+08  4.2916E+06 -1.7238E+05
0000030   6.5875E+08 -5.3109E+06 -1.1266E+07
0000031   6.6132E+08  5.6453E+06  1.2928E+06
0000032   6.6593E+08 -8.1321E+06 -6.4128E+06
0000033   6.5301E+08 -1.0768E+07  1.3348E+07
0000034   6.7476E+08  2.6473E+06  3.7283E+06
0000035   6.6969E+08 -1.4382E+07  9.3181E+06
0000036   6.4717E+08 -6.8500E+06 -6.0466E+04
0000037   6.4350E+08 -7.3641E+05 -7.7506E+05
0000038   6.7048E+08  8.3421E+06 -4.0478E+06
0000039   6.6393E+08 -2.1076E+07 -2.0942E+07
0000040   6.5882E+08 -5.9389E+05 -6.9987E+05
0000041   6.5625E+08 -1.1997E+06  5.5485E+06
0000042   6.6384E+08  5.3455E+06 -7.5020E+06
0000043   6.5769E+08  1.0300E+06  3.8552E+06
0000044   6.6911E+08  6.9649E+06  5.7858E+06
0000045   6.6062E+08  1.5944E+07  2.0571E+07
0000046   6.5735E+08 -7.2308E+06 -6.1544E+07
0000047   6.4424E+08 -4.6052E+06 -5.9862E+05
0000048   6.6109E+08  2.2821E+07  1.0445E+06
0000049   6.5511E+08  4.6119E+06 -1.2083E+06
0000050   6.4644E+08  6.3224E+06  5.9880E+06
0000051   6.5238E+08  1.2867E+06 -5.5597E+06
0000052   6.7288E+08 -4.8839E+06 -5.9614E+05
0000053   6.6855E+08 -1.5984E+07 -6.4555E+05
0000054   6.5678E+08  3.4802E+06 -2.5176E+06
0000055   6.5092E+08  9.2319E+06  8.3560E+06
0000056   6.5562E+08  2.2598E+06  1.2823E+07
0000057   6.5268E+08 -9.9499E+06  3.0449E+07
0000058   6.6116E+08 -1.3299E+05 -2.4373E+06
0000059   6.5483E+08 -2.5538E+06  5.0296E+05
0000060   6.4882E+08 -8.9653E+05  7.5235E+06
0000061   6.7030E+08 -9.6717E+06 -6.1606E+06
0000062   6.5307E+08  2.1940E+06  3.5662E+06
0000063   6.5337E+08  5.0945E+06  8.8564E+06
0000064   6.6253E+08 -6.6618E+06  5.6966E+06
0000065   6.5468E+08 -1.0012E+07  1.2187E+07
0000066   6.6565E+08  2.3034E+06 -2.5966E+06
0000067   6.6840E+08 -4.5674E+05 -1.3343E+07
0000068   6.6165E+08 -6.9420E+06 -3.7787E+06
0000069   6.4724E+08  2.7918E+06 -4.3762E+06
0000070   6.5160E+08 -6.3732E+06  7.5860E+06
0000071   6.4915E+08 -1.2761E+06  8.3054E+06
0000072   6.7374E+08  4.8088E+06 -3.5445E+06
0000073   6.4400E+08 -2.5010E+05 -2.5401E+06
0000074   6.5160E+08  7.0545E+06 -1.0736E+07
0000075   6.6838E+08 -1.1594E+07 -6.9383E+06
0000076   6.6355E+08  5.6131E+06  2.7920E+06
0000077   6.6357E+08  1.0219E+06 -5.9123E+06
0000078   6.5405E+08  4.0294E+05  2.1055E+06
0000079   6.6406E+08  6.8224E+06 -4.7390E+06
0000080   6.5110E+08  3.0328E+06  1.4371E+06
0000081   6.6773E+08  1.3472E+07 -2.1645E+07
0000082   6.6366E+08  1.9971E+06  7.8809E+06
0000083   6.7055E+08  1.2152E+07  4.4740E+06
0000084   6.6050E+08  5.3016E+06  6.0517E+06
0000085   6.5698E+08 -8.3533E+06  8.2169E+06
0000086   6.4721E+08  3.0107E+07 -7.4405E+06
0000087   6.6289E+08 -1.2720E+07  2.3086E+06
0000088   6.6319E+08 -1.0185E+07 -1.5518E+07
0000089   6.5343E+08 -4.2223E+07 -5.4582E+07
0000090   6.6132E+08 -4.3222E+06 -2.0931E+06
0000091   6.5459E+08  1.0641E+07 -1.7903E+06
0000092   6.5712E+08 -2.5120E+06  2.6041E+06
0000093   6.6091E+08 -3.5970E+05 -7.9129E+06
0000094   6.6068E+08 -2.5357E+06  3.8369E+06
0000095   6.6883E+08 -6.5852E+06  3.4540E+06
0000096   6.0188E+08  8.2895E+07 -4.8136E+07
0000097   6.7132E+08 -3.2216E+06 -4.0968E+06
0000098   6.5572E+08  5.3627E+06  3.6221E+06
0000099   6.6498E+08 -1.5552E+06  2.1609E+07
0000100   6.4278E+08  1.1509E+07 -1.6984E+07
0000101   6.5940E+08  4.8200E+06  4.3335E+06
0000102   6.7638E+08 -1.9243E+07 -8.4246E+06
0000103   6.5524E+08  5.8141E+06  4.3611E+06
0000104   6.5697E+08  1.1961E+06 -6.1263E+05
0000105   6.6709E+08 -2.5624E+05 -6.5094E+06
0000106   6.5482E+08  1.2673E+06 -7.7158E+05
0000107   6.5422E+08  3.0871E+06 -2.2336E+06
0000108   6.5578E+08 -1.1337E+06 -6.7664E+06
0000109   6.5952E+08 -4.2507E+06 -5.5451E+06
0000110   6.6404E+08 -3.8209E+06  1.3407E+06
0000111   6.5028E+08 -1.3680E+06 -2.6250E+06
0000112   6.6472E+08 -3.7215E+06 -3.7546E+06
0000113   6.4912E+08  2.5802E+05 -2.9148E+06
0000114   6.5842E+08  2.6046E+06  1.0110E+07
0000115   6.4271E+08  8.0889E+06  3.7359E+06
0000116   6.6129E+08  5.6484E+05  1.5713E+06
0000117   6.6544E+08  7.3025E+06  6.3699E+05
0000118   6.6119E+08  2.1172E+06 -1.1532E+05
0000119   6.5550E+08 -6.5761E+06  2.5865E+06
0000120   6.6813E+08  6.5256E+06 -8.7838E+06
0000121   6.5548E+08  5.3433E+06 -4.0896E+06
0000122   6.4817E+08  2.3881E+06 -9.0446E+05
0000123   6.6195E+08 -3.5106E+06  3.1607E+06
0000124   6.5539E+08 -2.2457E+05  2.5913E+06
0000125   6.5709E+08 -4.4073E+06  1.4415E+06
0000126   6.6509E+08  2.8605E+07 -4.7018E+06
0000127   6.7931E+08 -8.1750E+06  5.3638E+06
0000128   6.6606E+08  2.2685E+07  1.4823E+07
0000129   6.4729E+08 -5.8461E+06 -1.8952E+06
0000130   6.6314E+08 -8.5342E+06 -1.3528E+07
0000131   6.7682E+08  1.2185E+06  2.0440E+06
0000132   6.5577E+08  1.1170E+07  3.0122E+06
0000133   6.5428E+08 -1.0583E+07 -1.0091E+07
0000134   6.6535E+08  2.7651E+06 -4.0166E+06
0000135   6.6414E+08  1.0998E+07 -2.9811E+06
0000136   6.5112E+08  8.6905E+06 -1.0772E+05
0000137   6.6469E+08  1.5250E+05 -3.1560E+06
0000138   6.5930E+08 -9.7734E+06  7.4070E+06
0000139   6.5399E+08  3.2085E+07  8.2779E+06
0000140   6.5151E+08 -9.6428E+06  9.4682E+06
0000141   6.4882E+08  2.9351E+06  8.0824E+06
0000142   6.6225E+08  1.1390E+07 -2.4091E+07
0000143   6.5298E+08 -6.9887E+06 -9.4898E+06
0000144   6.7100E+08 -5.3010E+06 -4.1137E+06
0000145   6.5921E+08  1.9424E+06 -1.5926E+06
0000146   6.6899E+08 -7.8011E+06  2.8465E+06
0000147   6.6795E+08 -2.8274E+06  2.9974E+06
0000148   6.6893E+08  8.4414E+06  2.2879E+06
0000149   6.6145E+08 -1.5228E+05  5.4549E+06
0000150   6.5604E+08  5.4414E+06  2.7659E+06
0000151   6.5840E+08  1.0972E+07 -2.5789E+06
0000152   6.5411E+08  1.9367E+06 -6.4789E+06
0000153   6.5248E+08 -1.6131E+07 -3.6064E+06
0000154   6.6111E+08 -7.4665E+06 -1.6431E+07
0000155   6.5403E+08 -5.7330E+06  2.8523E+06
0000156   6.5603E+08 -4.3150E+06  2.7914E+06
0000157   6.4925E+08  2.1277E+07  2.4584E+06
0000158   6.5945E+08  4.7720E+06 -1.8441E+07
0000159   6.6706E+08  3.4329E+05  5.6777E+05
0000160   6.7669E+08  2.3209E+07 -7.3387E+06
0000161   6.5899E+08 -4.6626E+06 -4.3021E+06
0000162   6.6482E+08 -8.8758E+05  4.4004E+06
0000163   6.5188E+08  3.1309E+06  3.1191E+06
0000164   6.6933E+08  1.1787E+07 -5.7203E+06
0000165   6.6151E+08  3.0608E+06 -9.4942E+06
0000166   6.5815E+08  2.0546E+06  1.6201E+06
0000167   6.7027E+08  6.0605E+06 -2.7930E+06
0000168   6.5703E+08 -2.0970E+06 -3.3292E+05
0000169   6.6340E+08 -6.0778E+06 -5.9726E+06
0000170   6.6275E+08  4.5011E+06  1.3933E+07
0000171   6.6855E+08 -1.1132E+07  3.6360E+06
0000172   6.5048E+08 -2.0736E+06 -1.8102E+05
0000173   6.6574E+08 -3.2350E+06  4.3950E+06
0000174   6.7677E+08 -6.1665E+06 -1.2454E+05
0000175   6.4685E+08 -5.7709E+06 -1.8092E+06
0000176   6.5177E+08  1.5592E+06 -7.0073E+05
0000177   6.6120E+08 -1.2204E+07 -2.5168E+06
0000178   6.5591E+08 -9.1638E+06  9.0701E+06
0000179   6.6815E+08  4.3257E+06  2.3105E+07
0000180   6.6217E+08 -1.7966E+06 -6.4526E+06
0000181   6.4855E+08  4.5223E+06 -1.2257E+06
0000182   6.6469E+08 -3.9860E+06  3.7309E+04
0000183   6.6759E+08 -1.2425E+06  6.1192E+06
0000184   6.4897E+08 -9.5302E+06  6.3861E+06
0000185   6.5545E+08  1.3718E+06  3.0220E+06
0000186   6.8256E+08 -4.3987E+06  3.9627E+05
0000187   6.5991E+08 -2.2059E+06  3.2654E+06
0000188   6.6983E+08 -5.6818E+04  8.2672E+06
0000189   6.5945E+08  3.4069E+06  3.9184E+06
0000190   6.4220E+08 -4.4117E+06 -6.7029E+06
0000191   6.6199E+08  1.3444E+07 -9.7297E+06
0000192   6.6397E+08  2.2691E+06 -4.1696E+06
0000193   6.4495E+08  1.0460E+07 -5.5739E+06
0000194   6.6519E+08 -7.3786E+06  2.0535E+06
0000195   6.7073E+08  3.9515E+06  4.2340E+05
0000196   6.6885E+08  1.7969E+06  6.8642E+05
0000197   6.8264E+08 -5.3527E+06  2.9081E+05
0000198   6.5676E+08 -1.1062E+07 -6.4390E+06
0000199   6.6265E+08 -9.2852E+06 -1.3382E+05
0000200   6.5562E+08  1.5469E+06  6.5525E+06
0000201   6.6304E+08 -6.2698E+06 -5.0428E+06
0000202   6.5172E+08  2.9587E+06  4.2578E+06
0000203   6.4578E+08 -4.6619E+06  6.1685E+05
0000204   6.7495E+08 -2.7807E+06 -5.3750E+06
0000205   6.5132E+08 -3.5760E+07  2.5485E+07
0000206   6.7284E+08  3.2948E+06 -7.5347E+06
0000207   6.3683E+08 -4.1718E+06 -8.5729E+04
0000208   6.5600E+08  1.2633E+05 -4.0757E+06
0000209   6.6670E+08 -7.0921E+06 -2.0524E+04
0000210   6.4984E+08 -2.7352E+07  2.4673E+06
0000211   6.5129E+08 -5.0431E+06 -2.8655E+06
0000212   6.4938E+08 -4.4275E+06 -1.0543E+07
0000213   6.4502E+08  1.8010E+07  1.2234E+07
0000214   6.5569E+08 -5.3866E+06 -2.9758E+06
0000215   6.5500E+08 -1.8608E+07 -1.5621E+07
0000216   6.6542E+08  1.9749E+06  1.0729E+06
0000217   6.4901E+08 -1.2869E+06  9.3173E+06
0000218   6.6379E+08 -4.2564E+06 -2.2118E+06
0000219   6.4716E+08 -3.8949E+06  4.3789E+05
0000220   6.5386E+08  1.1737E+07 -6.0204E+06
0000221   6.3902E+08  5.9375E+06  8.2380E+05
0000222   6.5625E+08 -4.4898E+06  1.4042E+06
0000223   6.4609E+08  1.2082E+06 -4.5496E+06
0000224   6.5656E+08 -1.0913E+06  4.8872E+06
0000225   6.5341E+08  5.2408E+06 -2.6531E+07
0000226   6.6804E+08 -2.6161E+06  7.5942E+04
0000227   6.4428E+08  3.8357E+06 -1.2706E+07
0000228   6.5493E+08  3.2658E+06  8.1083E+06
0000229   6.5880E+08 -3.6576E+06  7.2987E+06
0000230   6.6385E+08  6.8030E+05 -2.4481E+06
0000231   6.5835E+08 -4.8088E+06 -4.7491E+06
0000232   6.6726E+08  2.7313E+06 -2.6574E+06
0000233   6.6398E+08 -3.2347E+06 -2.3984E+06
0000234   6.5669E+08 -7.1364E+06  1.9406E+07
0000235   6.6982E+08 -5.2581E+06 -2.4610E+06
0000236   6.5603E+08 -9.8268E+06 -6.3128E+06
0000237   6.6184E+08 -7.3610E+06  9.6211E+06
0000238   6.5954E+08 -1.9971E+06  4.2892E+06
0000239   6.6390E+08 -2.1578E+06  7.6758E+06
0000240   6.5512E+08 -1.9319E+06 -1.1012E+07
0000241   6.7450E+08 -1.3405E+06 -3.1357E+06
0000242   6.4802E+08  5.1456E+06 -1.6060E+06
0000243   6.3342E+08  5.3193E+06  1.2086E+07
0000244   6.5723E+08 -5.4195E+06  1.0999E+06
0000245   6.6072E+08 -1.5109E+07 -1.2148E+07
0000246   6.6479E+08 -6.2961E+06  1.7476E+07
0000247   6.5337E+08 -1.2600E+07 -5.8916E+06
0000248   6.6300E+08  1.1150E+07 -1.5655E+06
0000249   6.7183E+08 -4.8157E+06  3.1655E+06
0000250   6.6198E+08 -1.0886E+07 -5.2471E+06
0000251   6.5107E+08  2.0698E+06  6.6527E+06
0000252   6.5700E+08  5.8361E+06  4.5634E+06
0000253   6.4963E+08  1.2034E+07  2.1992E+06
0000254   6.5408E+08 -3.1874E+06  2.5009E+06
0000255   6.5921E+08 -2.1260E+07 -1.6644E+07
0000256   6.6674E+08 -1.2414E+07 -1.6466E+06
0000257   6.5968E+08  2.0882E+06 -2.0488E+07
0000258   6.4879E+08  8.5981E+06 -4.2017E+06
0000259   6.6600E+08 -4.3746E+06  7.0780E+06
0000260   6.6101E+08 -5.2924E+06 -7.7575E+06
0000261   6.4980E+08 -3.4629E+06  4.3019E+06
0000262   6.6134E+08 -9.7080E+06 -4.6036E+06
0000263   6.6239E+08 -8.1548E+06 -2.1618E+06
0000264   6.7369E+08  5.1497E+06 -9.2806E+05
0000265   6.5342E+08  2.0857E+06  1.9220E+06
0000266   6.7128E+08 -1.6073E+06 -5.1467E+05
0000267   6.5812E+08  1.2272E+06 -4.6888E+06
0000268   6.6337E+08 -4.0989E+06  3.8302E+06
0000269   6.4805E+08  4.3429E+06 -4.0041E+06
0000270   6.5254E+08  2.6405E+07  2.3521E+07
0000271   6.5763E+08 -9.9682E+06  4.1755E+06
0000272   6.5881E+08 -1.7635E+07  6.3676E+06
0000273   6.7307E+08  6.8615E+06  4.7088E+06
0000274   6.6241E+08  2.5447E+06  2.3239E+06
0000275   6.5685E+08 -9.8090E+06  5.7659E+06
0000276   6.6098E+08  2.1017E+06 -9.2080E+05
0000277   6.6703E+08  4.6064E+06  1.3432E+07
0000278   6.6062E+08 -1.4450E+07  3.2762E+06
0000279   6.6341E+08  9.7295E+06 -7.0351E+06
0000280   6.4832E+08 -1.7113E+06 -1.9622E+06
0000281   6.5475E+08  1.5750E+06  7.8333E+06
0000282   6.5306E+08 -1.0394E+06 -7.8116E+06
0000283   6.5305E+08 -2.6795E+06 -9.3713E+05
0000284   6.5199E+08 -1.6761E+07 -1.0125E+07
0000285   6.5656E+08  2.2176E+06  1.3222E+06
0000286   6.4458E+08 -3.3088E+04 -1.0169E+06
0000287   6.7804E+08  8.0661E+06 -4.9633E+06
0000288   6.6098E+08 -1.6495E+07 -2.6115E+07
0000289   6.6086E+08  4.4898E+06 -1.1764E+07
0000290   6.5912E+08  7.8282E+06  1.3202E+07
0000291   6.4787E+08 -3.8262E+06 -3.6244E+06
0000292   6.6467E+08  5.9254E+05  3.0541E+06
0000293   6.6440E+08  3.7145E+06  3.1435E+06
0000294   6.6304E+08 -2.9929E+06  3.6917E+06
0000295   6.7112E+08 -5.5132E+06  1.2467E+07
0000296   6.5822E+08 -1.0971E+07 -1.0872E+06
0000297   6.7253E+08  1.0062E+07 -2.5961E+06
0000298   6.5517E+08  1.7024E+06  4.2557E+06
0000299   6.5890E+08 -5.3355E+06 -8.1339E+05
0000300   6.5713E+08 -4.1511E+06 -6.4705E+06
0000301   6.6827E+08 -8.2469E+05 -4.0841E+06
0000302   6.7128E+08 -4.5550E+06  4.2698E+05
0000303   6.5407E+08 -8.0234E+05  7.4003E+04
0000304   6.4364E+08  1.5740E+06  6.3888E+05
0000305   6.5847E+08  5.1919E+06  1.7799E+06
0000306   6.5614E+08 -1.6976E+06  2.2159E+06
0000307   6.6111E+08 -5.3023E+05  3.5350E+06
0000308   6.5378E+08 -1.9914E+05  8.7522E+06
0000309   6.6558E+08  2.3604E+06 -1.5786E+07
0000310   6.4693E+08 -5.8023E+05 -5.6169E+06
0000311   6.6750E+08 -1.1040E+06  7.5105E+06
0000312   6.7301E+08  2.4680E+06 -2.6572E+06
0000313   6.5222E+08  1.0559E+07  8.0771E+05
0000314   6.6170E+08 -9.6369E+06  7.9285E+06
0000315   6.4875E+08 -1.3982E+07  2.1241E+07
0000316   6.7434E+08 -7.0857E+06  5.6176E+06
0000317   6.6251E+08  5.1420E+06 -9.0846E+05
0000318   6.6643E+08 -4.0193E+06  4.6924E+06
0000319   6.6988E+08 -1.4297E+06  1.3198E+06
0000320   6.5515E+08  3.9281E+06 -1.4301E+07
0000321   6.5687E+08 -9.9413E+05  5.6726E+06
0000322   6.7310E+08  1.0636E+07  7.7584E+06
0000323   6.6089E+08 -1.8693E+06 -6.1600E+06
0000324   6.7127E+08  3.8567E+06 -1.8878E+05
0000325   6.5310E+08 -8.6837E+06 -1.3908E+06
0000326   6.6072E+08  5.5885E+06 -1.3319E+07
0000327   6.5836E+08  1.3593E+06 -2.4263E+07
0000328   6.5089E+08  1.5090E+03 -8.5203E+06
0000329   6.6822E+08  4.6766E+06 -7.4175E+06
0000330   6.7357E+08 -9.6617E+05  4.3075E+05
0000331   6.4750E+08  5.7793E+06 -2.2532E+06
0000332   6.6538E+08  8.9021E+06  9.0044E+06
0000333   6.6823E+08  1.2277E+06 -7.8501E+06
0000334   6.4504E+08 -1.3521E+07 -3.8965E+06
0000335   6.6797E+08 -1.4893E+07 -1.0368E+07
0000336   6.7469E+08 -1.7764E+07  4.0692E+06
0000337   6.5909E+08 -3.0935E+06  6.4408E+06
0000338   6.5984E+08 -2.4149E+07  2.6585E+06
0000339   6.4096E+08  3.4443E+06  1.3441E+05
0000340   6.5473E+08  1.3199E+05 -9.4924E+06
0000341   6.6211E+08 -2.7779E+06  4.9981E+05
0000342   6.4348E+08 -4.9027E+05  3.3239E+06
0000343   6.6740E+08 -4.4311E+06  1.8268E+06
0000344   6.5020E+08  2.1620E+06 -7.1936E+05
0000345   6.5388E+08 -6.1058E+06 -5.9236E+06
0000346   6.5528E+08  4.9735E+06  3.8371E+07
0000347   6.6064E+08  7.8672E+06  6.2348E+06
0000348   6.6072E+08  4.5405E+06  6.7188E+06
0000349   6.5544E+08  3.3994E+05 -1.8243E+06
0000350   6.6845E+08 -3.7854E+06  1.7121E+06
0000351   6.5457E+08  6.2499E+06 -6.4295E+06
0000352   6.6900E+08  3.2523E+06  2.5114E+06
0000353   6.4922E+08 -1.2580E+07  3.5274E+06
0000354   6.6594E+08 -3.2447E+06 -7.1281E+06
0000355   6.5809E+08  4.3556E+06  2.7957E+06
0000356   6.6607E+08 -6.7602E+06  5.6428E+06
0000357   6.7021E+08 -6.0784E+06  2.1273E+06
0000358   6.6259E+08 -3.6736E+06  3.6491E+06
0000359   6.7565E+08 -5.4712E+06  5.3141E+06
0000360   6.6294E+08  9.1790E+06 -2.8869E+06
0000361   6.6328E+08  1.2075E+07 -6.8966E+05
0000362   6.6651E+08  5.3974E+06 -4.5818E+06
0000363   6.6411E+08 -9.8997E+06 -1.6852E+06
0000364   6.6133E+08 -7.8700E+05 -1.2144E+07
0000365   6.7451E+08 -5.9526E+06  1.5968E+07
0000366   6.5876E+08 -8.5452E+06 -7.9630E+04
0000367   6.5424E+08  3.0579E+06  2.2966E+06
0000368   6.6620E+08 -3.6034E+05 -9.4612E+06
0000369   6.6252E+08  2.6437E+07  2.9908E+06
0000370   6.6264E+08 -3.1964E+06 -2.0898E+06
0000371   6.7367E+08  3.6001E+06  3.6513E+06
0000372   6.4919E+08 -1.0247E+06  2.6341E+06
0000373   6.4419E+08  8.4650E+06  1.5554E+07
0000374   6.6763E+08 -2.2331E+06 -3.0175E+04
0000375   6.6086E+08 -2.7916E+07  7.8137E+06
0000376   6.7526E+08 -5.6035E+06  1.6752E+06
0000377   6.6383E+08  8.6969E+06  1.0195E+07
0000378   6.6086E+08 -1.9248E+07  1.7536E+07
0000379   6.6409E+08 -3.7322E+06  4.5742E+06
0000380   6.6327E+08  3.6248E+06 -2.3050E+06
0000381   6.6307E+08 -1.0508E+07 -9.8881E+06
0000382   6.6946E+08  4.3995E+05 -7.5703E+05
0000383   6.5589E+08  1.4270E+07  1.7313E+07
0000384   6.5880E+08 -1.3044E+06 -5.3883E+05
0000385   6.3613E+08  7.4475E+06  9.1438E+06
0000386   6.5567E+08 -2.0403E+07 -7.1647E+06
0000387   6.4919E+08  1.6638E+07 -2.0256E+07
0000388   6.4930E+08 -1.6854E+06  8.0223E+06
0000389   6.5094E+08 -3.4910E+07  1.5591E+07
0000390   6.5740E+08  5.6638E+06 -1.0744E+07
0000391   6.5076E+08 -7.1572E+06 -2.5807E+06
0000392   6.5807E+08  4.8176E+06  1.2945E+07
0000393   6.6435E+08 -5.3987E+06  4.6213E+05
0000394   6.6161E+08  6.8135E+06  1.8198E+06
0000395   6.6198E+08 -1.4191E+07  1.6519E+07
0000396   6.5057E+08  8.5374E+06 -3.9844E+06
0000397   6.6933E+08  2.7620E+06 -5.6586E+06
0000398   6.6911E+08 -7.2022E+04  5.8571E+06
0000399   6.7325E+08 -1.3174E+07  1.5496E+05
0000400   6.5928E+08 -2.3120E+06 -6.7034E+06
0000401   6.6748E+08  1.2518E+06 -1.7054E+06
0000402   6.6476E+08  1.3435E+07  2.4614E+06
0000403   6.6356E+08  7.5164E+06  1.1503E+07
0000404   6.6579E+08  2.1981E+06 -4.9935E+06
0000405   6.5551E+08 -8.0335E+06 -5.6501E+06
0000406   6.5834E+08 -2.3252E+06 -2.3760E+06
0000407   6.4183E+08  3.1560E+07  5.9237E+06
0000408   6.5758E+08 -5.2388E+04  1.3604E+07
0000409   6.5444E+08  2.5908E+06  5.1439E+05
0000410   6.7351E+08  1.4357E+06 -5.0614E+06
0000411   6.6399E+08 -2.9548E+06  6.4913E+06
0000412   6.6233E+08 -3.7657E+06 -1.8924E+06
0000413   6.5832E+08 -4.2510E+05 -2.9735E+06
0000414   6.6170E+08 -4.6278E+06 -3.8140E+06
0000415   6.6779E+08 -2.1341E+06 -7.1489E+06
0000416   6.5774E+08  1.7036E+06 -1.6770E+06
0000417   6.7204E+08  7.3029E+06  6.6585E+06
0000418   6.7012E+08  3.3357E+06  4.5105E+06
0000419   6.5352E+08 -1.0445E+07 -1.4872E+07
0000420   6.7973E+08  5.8068E+06  2.7720E+06
0000421   6.5981E+08 -6.5131E+06  3.2249E+06
0000422   6.7169E+08 -5.8171E+06  8.3902E+06
0000423   6.6737E+08 -6.0482E+06  9.4156E+06
0000424   6.5617E+08  2.6969E+06 -8.3004E+06
0000425   6.6664E+08  1.0961E+07  1.2566E+07
0000426   6.5453E+08  4.0674E+06  3.4422E+06
0000427   6.5826E+08  3.7495E+04 -9.6410E+06
0000428   6.6332E+08 -3.8271E+06 -4.4761E+06
0000429   6.7024E+08  2.1211E+06 -6.3283E+06
0000430   6.6354E+08  1.4809E+07  1.0440E+07
0000431   6.4547E+08 -4.9040E+06 -4.9033E+06
0000432   6.4490E+08 -6.6485E+05 -2.5484E+06
0000433   6.6812E+08  5.1920E+06 -1.8198E+07
0000434   6.5686E+08  9.7572E+05 -6.0994E+06
0000435   6.5937E+08 -3.6785E+06  3.5018E+06
0000436   6.4907E+08  3.5009E+06 -3.5634E+05
0000437   6.5715E+08 -7.7104E+06  8.5016E+06
0000438   6.6808E+08 -6.2890E+06  1.3844E+06
0000439   6.6070E+08  3.2772E+06 -3.1465E+06
0000440   6.6143E+08 -8.8253E+06  7.6450E+06
0000441   6.5679E+08  4.6220E+06  5.3301E+06
0000442   6.6476E+08  2.9457E+06 -8.4094E+06
0000443   6.3992E+08  4.3773E+05  9.4302E+04
0000444   6.6238E+08 -4.4432E+06 -3.8252E+06
0000445   6.6894E+08 -4.9489E+06 -8.5697E+06
0000446   6.6293E+08 -3.5921E+06 -5.4263E+06
0000447   6.6306E+08 -6.6772E+06  1.9914E+07
0000448   6.6833E+08 -1.1527E+07  1.9070E+07
0000449   6.6353E+08  4.5962E+06  3.6034E+06
0000450   6.5811E+08  2.8644E+06  4.6166E+05
0000451   6.6671E+08 -1.0363E+06  4.3558E+06
0000452   6.7012E+08 -4.5065E+06  3.2889E+06
0000453   6.6995E+08 -1.1476E+07 -1.6375E+06
0000454   6.5769E+08 -3.8778E+05  6.3114E+06
0000455   6.6198E+08 -2.6626E+06 -4.9161E+06
0000456   6.4928E+08  1.6373E+06 -6.9527E+06
0000457   6.5916E+08 -1.1709E+06  4.3507E+06
0000458   6.5555E+08  3.2000E+06 -6.4909E+06
0000459   6.5735E+08  6.1353E+05 -4.9068E+06
0000460   6.7728E+08  5.2814E+06  1.5031E+07
0000461   6.5208E+08  5.7876E+05 -1.1004E+06
0000462   6.6136E+08  1.8260E+07 -2.2773E+07
0000463   6.7376E+08 -7.3596E+06  1.2096E+06
0000464   6.7521E+08 -2.5295E+06  9.1476E+05
0000465   6.5802E+08  4.1024E+06 -5.8203E+06
0000466   6.5524E+08 -2.4463E+07 -1.5315E+07
0000467   6.4639E+08 -1.2304E+07 -1.0785E+07
0000468   6.6309E+08 -4.2386E+06  5.4964E+06
0000469   6.5437E+08  7.9481E+06  4.6554E+06
0000470   6.4798E+08 -1.1647E+07 -3.2394E+07
0000471   6.6517E+08  7.3182E+05 -5.3801E+06
0000472   6.4735E+08  9.3768E+06 -4.8861E+06
0000473   6.6340E+08 -1.9905E+06 -2.5973E+06
0000474   6.7331E+08  6.8817E+05 -7.8707E+06
0000475   6.6005E+08  5.6506E+06  3.9894E+06
0000476   6.2954E+08  9.4016E+06 -9.6451E+07
0000477   6.5798E+08 -7.6966E+06 -7.1443E+06
0000478   6.6860E+08  9.0839E+06  3.4833E+06
0000479   6.5701E+08  8.0592E+06  2.0840E+06
0000480   6.5891E+08  1.0678E+06 -3.0181E+06
0000481   6.5714E+08  8.9660E+06 -6.4249E+06
0000482   6.4768E+08 -4.7197E+07  5.6622E+07
0000483   6.6049E+08  1.1001E+06  1.6486E+05
0000484   6.6262E+08 -1.3179E+06  4.4129E+05
0000485   6.4674E+08 -1.3535E+06  1.2901E+06
0000486   6.6211E+08 -4.6781E+06  1.1552E+06
0000487   6.6290E+08  7.3071E+06  8.7606E+06
0000488   6.6349E+08 -6.4691E+06  2.3275E+06
0000489   6.5773E+08 -4.8659E+06  1.6468E+07
0000490   6.6399E+08  1.3240E+06  7.9645E+06
0000491   6.5748E+08 -1.2231E+06  6.8199E+06
0000492   6.7312E+08  5.5560E+06 -7.2846E+06
0000493   6.7235E+08  1.5985E+05  9.2604E+06
0000494   6.5668E+08  3.9994E+06 -3.5146E+06
0000495   6.5840E+08  6.4868E+06 -6.8777E+05
0000496   6.5946E+08 -2.1630E+06 -6.0950E+06
0000497   6.4919E+08 -1.0495E+07  1.5810E+06
0000498   6.6313E+08 -4.0853E+06 -3.3584E+05
0000499   6.5346E+08  4.1855E+06 -4.2488E+06
0000500   6.5536E+08 -1.1522E+07 -5.8490E+06
0000501   6.6332E+08  9.9402E+06 -3.5846E+06
0000502   6.6902E+08  5.9283E+06 -5.6675E+06
0000503   6.6052E+08  5.2282E+06  1.4445E+07
0000504   6.6601E+08 -4.6243E+06  3.3285E+06
0000505   6.6702E+08  9.7433E+06 -3.2244E+06
0000506   6.5717E+08 -7.7970E+06 -1.3073E+06
0000507   6.5069E+08  4.3544E+06  9.2315E+06
0000508   6.5786E+08  1.0457E+07 -1.1906E+06
0000509   6.3755E+08 -9.6814E+05  4.6764E+06
0000510   6.5791E+08  3.2703E+06 -1.9368E+07
0000511   6.7158E+08  9.5458E+06 -1.7256E+07
0000512   6.6767E+08  2.9741E+06 -3.6627E+06
0000513   6.5369E+08 -9.1266E+06  5.5017E+04
0000514   6.7756E+08  9.5557E+06 -6.4899E+06
0000515   6.5713E+08  1.0361E+07  1.6166E+07
0000516   6.7825E+08  7.5663E+05 -3.5007E+05
0000517   6.5482E+08 -1.7570E+05 -2.0664E+06
0000518   6.7788E+08 -1.2249E+07  1.4563E+07
0000519   6.6246E+08 -5.5810E+06 -4.4548E+06
0000520   6.6442E+08 -1.1082E+07  9.7281E+06
0000521   6.4098E+08 -4.4565E+06  6.0637E+04
0000522   6.7436E+08 -1.8778E+06 -2.0809E+06
0000523   6.6976E+08  8.9807E+05 -1.3492E+07
0000524   6.6684E+08  8.5618E+06 -2.9017E+07
0000525   6.5074E+08 -6.5141E+06  2.4973E+06
0000526   6.6583E+08  1.0478E+07 -4.8320E+06
0000527   6.4993E+08 -2.0116E+07  7.5879E+05
0000528   6.6162E+08  1.9249E+06  2.4608E+06
0000529   6.6067E+08  1.2812E+07  3.8451E+06
0000530   6.6990E+08 -4.6503E+06 -5.5091E+06
0000531   6.7089E+08 -4.4874E+06  6.2568E+06
0000532   6.7633E+08  8.3045E+05  4.0103E+05
0000533   6.5522E+08  2.9095E+06 -2.0629E+06
0000534   6.6538E+08 -1.0257E+07 -1.4973E+07
0000535   6.6761E+08 -7.0949E+06  8.1946E+06
0000536   6.7767E+08 -4.1999E+06  9.8364E+05
0000537   6.6255E+08  2.7537E+05  6.7650E+06
0000538   6.6785E+08 -1.4271E+07  1.2908E+07
0000539   6.4110E+08  1.0160E+06  2.7376E+06
0000540   6.6824E+08  5.5224E+05 -3.9315E+06
0000541   6.6810E+08  7.3835E+06  2.1844E+07
0000542   6.5005E+08  3.3302E+06  5.8013E+06
0000543   6.6032E+08  1.1734E+07  2.7192E+06
0000544   6.5060E+08 -6.0887E+05  9.2178E+05
0000545   6.7798E+08  6.3332E+06  2.7994E+06
0000546   6.4090E+08 -6.2426E+06 -5.5360E+06
0000547   6.5620E+08  2.7656E+06  1.2428E+07
0000548   6.6208E+08 -6.5615E+06 -5.9359E+06
0000549   6.5742E+08 -1.9533E+07 -2.2347E+06
0000550   6.5415E+08 -5.0535E+06 -2.6026E+06
0000551   6.6990E+08  1.4008E+06 -1.3437E+06
0000552   6.6135E+08 -6.1086E+06  1.1699E+06
0000553   6.4068E+08  4.2162E+06 -1.0353E+06
0000554   6.5709E+08 -3.3363E+06  2.0475E+06
0000555   6.4204E+08  9.3795E+06 -6.8444E+06
0000556   6.4711E+08 -2.8366E+06 -1.3720E+07
0000557   6.4935E+08 -2.1820E+07  4.8920E+06
0000558   6.5715E+08 -4.7674E+06  1.3109E+06
0000559   6.4704E+08 -1.8513E+07  1.6404E+07
0000560   6.5312E+08  1.1938E+06  2.4429E+06
0000561   6.6328E+08 -1.3511E+07 -1.3011E+07
0000562   6.5793E+08  1.2861E+07 -4.1221E+06
0000563   6.4700E+08  4.6484E+06 -1.2535E+07
0000564   6.7077E+08  5.5743E+06  1.1395E+07
0000565   6.6387E+08  6.5314E+04  1.5532E+06
0000566   6.6848E+08 -6.4041E+06  9.0079E+06
0000567   6.5088E+08 -7.4162E+05  3.4402E+06
0000568   6.6212E+08  7.9504E+06  5.4454E+06
0000569   6.6041E+08 -6.1425E+06  2.9424E+06
0000570   6.6859E+08 -9.9359E+05 -6.4404E+06
0000571   6.6500E+08  4.6489E+05  3.4489E+06
0000572   6.6679E+08 -9.0501E+05 -3.0055E+06
0000573   6.5750E+08 -4.7788E+06 -2.5290E+06
0000574   6.6002E+08 -2.9056E+06  3.7764E+05
0000575   6.6237E+08  8.1448E+06  6.9791E+06
0000576   6.6104E+08  2.1245E+06 -6.3454E+05
0000577   6.6626E+08  3.1354E+06  1.1571E+06
0000578   6.5560E+08 -9.7488E+06 -4.5774E+06
0000579   6.6814E+08 -3.7325E+06  2.5101E+06
0000580   6.6192E+08 -3.4452E+06 -7.7918E+06
0000581   6.6614E+08 -2.6933E+05 -6.9829E+06
0000582   6.5595E+08 -8.7809E+05  7.4790E+05
0000583   6.2887E+08 -9.8478E+07  6.0884E+06
0000584   6.5315E+08  2.9020E+05  1.5468E+06
0000585   6.5803E+08 -6.7376E+05 -1.1627E+06
0000586   6.6079E+08  2.1561E+06 -4.1815E+06
0000587   6.6180E+08 -1.6411E+06 -3.2428E+05
0000588   6.6846E+08 -1.6075E+07  1.5058E+06
0000589   6.6570E+08  4.9970E+06  1.0600E+06
0000590   6.6298E+08 -3.6697E+06 -3.1813E+06
0000591   6.4318E+08  7.0412E+06  2.2531E+06
0000592   6.7063E+08  2.1550E+06  6.7291E+06
0000593   6.6531E+08  1.0984E+07 -5.2160E+06
0000594   6.5684E+08  1.9953E+06  9.8422E+05
0000595   6.7028E+08 -5.5241E+05 -1.2480E+07
0000596   6.5288E+08 -3.5495E+06  5.0629E+06
0000597   6.5681E+08 -1.9379E+07 -2.9059E+06
0000598   6.4414E+08 -9.7931E+06 -5.9129E+06
0000599   6.5234E+08  1.2088E+07  2.3877E+06
0000600   6.6637E+08 -1.2649E+07  9.8049E+06
0000601   6.6370E+08 -1.0452E+06  1.2222E+06
0000602   6.5908E+08  8.5957E+06  6.3568E+05
0000603   6.6372E+08 -1.7871E+06 -1.0440E+06
0000604   6.5290E+08  1.4375E+06 -5.1384E+06
0000605   6.6532E+08 -1.0086E+06 -5.6926E+06
0000606   6.6160E+08  3.0155E+06 -2.4637E+06
0000607   6.4946E+08 -8.7306E+06 -4.5652E+06
0000608   6.5778E+08  4.3953E+06 -1.9925E+07
0000609   6.4367E+08 -2.0802E+06  1.2896E+06
0000610   6.5333E+08  4.1221E+06  6.6069E+05
0000611   6.6142E+08 -1.3257E+07  5.0373E+06
0000612   6.4838E+08  1.0843E+06 -8.0710E+05
0000613   6.6560E+08  8.8073E+05 -9.8501E+06
0000614   6.3931E+08  1.5501E+07  1.1379E+07
0000615   6.7041E+08 -8.8390E+06 -7.0688E+05
0000616   6.4626E+08 -7.8165E+06  3.5592E+06
0000617   6.6592E+08 -5.0663E+06  2.7547E+06
0000618   6.5799E+08 -1.1618E+07 -5.4547E+06
0000619   6.8195E+08 -1.3006E+07 -3.1986E+06
0000620   6.4577E+08  1.0488E+06 -1.4329E+07
0000621   6.4806E+08 -2.2852E+07 -7.3720E+06
0000622   6.4890E+08  7.0297E+06  7.1324E+06
0000623   6.6612E+08 -6.1397E+06 -4.7118E+06
0000624   6.5812E+08  1.5489E+06  4.1181E+06
0000625   6.6617E+08  2.1705E+06 -6.7469E+06
0000626   6.7665E+08 -1.3269E+07 -5.6419E+06
0000627   6.5013E+08 -2.9590E+06  4.6608E+06
0000628   6.6205E+08 -2.7401E+06 -7.7839E+06
0000629   6.7018E+08 -3.4661E+06  7.3512E+06
0000630   6.6516E+08  6.1884E+06 -1.3245E+07
0000631   6.4903E+08  4.0817E+05  3.0626E+06
0000632   6.5422E+08  2.1830E+06 -4.5730E+05
0000633   6.5092E+08 -1.2095E+06  3.5867E+06
0000634   6.5951E+08 -2.6054E+07 -1.7348E+07
0000635   6.6021E+08  1.6536E+04 -7.6844E+06
0000636   6.6211E+08 -1.4434E+07 -1.1209E+07
0000637   6.6563E+08  8.9328E+06 -1.3606E+07
0000638   6.5919E+08  3.0054E+06  2.6746E+05
0000639   6.5337E+08  1.5638E+07  7.9547E+06
0000640   6.5765E+08  1.8700E+06 -1.6503E+06
0000641   6.4600E+08 -2.8293E+06  4.4330E+06
0000642   6.5147E+08  2.9533E+06  3.1642E+06
0000643   6.6622E+08 -3.4998E+06 -9.7878E+06
0000644   6.7883E+08 -1.4196E+06  1.1443E+07
0000645   6.5580E+08  2.7048E+06  1.9516E+06
0000646   6.8160E+08  2.2035E+05 -5.3047E+06
0000647   6.5785E+08 -7.9305E+06 -4.0092E+06
0000648   6.4618E+08 -8.1240E+06  1.3973E+07
0000649   6.6664E+08 -2.7004E+06  4.4482E+06
0000650   6.5430E+08 -3.6918E+06 -3.2279E+07
0000651   6.5486E+08 -1.4354E+07 -5.4129E+06
0000652   6.5767E+08 -4.4957E+07 -8.2929E+06
0000653   6.6722E+08 -8.0845E+06  3.3011E+06
0000654   6.7564E+08  8.7491E+06 -3.3576E+07
0000655   6.5972E+08 -7.7107E+06  3.6991E+06
0000656   6.5939E+08 -3.3887E+05  5.9282E+06
0000657   6.5653E+08  6.1986E+06 -1.8550E+06
0000658   6.7440E+08 -2.0145E+06  6.0127E+04
0000659   6.6689E+08 -2.4203E+06 -1.7405E+06
0000660   6.5490E+08 -1.0385E+07 -5.8024E+06
0000661   6.4853E+08 -8.6413E+06 -3.3814E+06
0000662   6.7433E+08 -6.1204E+06 -1.3105E+06
0000663   6.6219E+08 -1.1245E+06 -1.0808E+07
0000664   6.6286E+08  1.6744E+05  3.7954E+06
0000665   6.5732E+08  5.2438E+06 -1.7017E+06
0000666   6.5408E+08 -3.5868E+06  1.0174E+07
0000667   6.5880E+08 -8.4389E+06 -9.2229E+06
0000668   6.6263E+08 -5.2428E+06 -8.0101E+05
0000669   6.6834E+08  1.2246E+07  3.9010E+06
0000670   6.6901E+08 -1.3108E+07  4.0762E+07
0000671   6.5643E+08 -2.6925E+07  1.7377E+07
0000672   6.5523E+08  9.4926E+05 -4.1719E+06
0000673   6.6500E+08  1.6502E+07  2.2620E+06
0000674   6.5329E+08  5.0214E+05  3.4022E+06
0000675   6.6897E+08 -2.8782E+06  1.6172E+07
0000676   6.7806E+08 -3.4394E+06 -7.2859E+05
0000677   6.6110E+08 -3.0232E+05  4.1890E+06
0000678   6.7477E+08  6.5531E+06  3.9677E+06
0000679   6.6679E+08  1.4256E+07  4.5128E+06
0000680   6.5080E+08  4.8512E+06  8.7713E+06
0000681   6.6788E+08 -2.8472E+06  4.0183E+06
0000682   6.4206E+08 -7.4644E+06 -7.6128E+05
0000683   6.5423E+08  4.7423E+06 -4.0300E+06
0000684   6.5018E+08 -2.5805E+06  5.2733E+06
0000685   6.5552E+08 -4.8151E+07  2.9267E+06
0000686   6.5298E+08  7.6192E+06 -8.0636E+06
0000687   6.8014E+08 -2.9650E+06 -1.2268E+05
0000688   6.4728E+08  4.6000E+06  3.7380E+06
0000689   6.5241E+08 -4.5936E+06  1.7626E+06
0000690   6.5298E+08 -5.1654E+06 -3.7848E+06
0000691   6.6272E+08 -1.9169E+06 -4.4650E+05
0000692   6.5315E+08 -7.2437E+05  2.3654E+06
0000693   6.5616E+08 -6.0241E+06  4.5091E+06
0000694   6.6852E+08 -4.9148E+06 -8.4300E+06
0000695   6.5742E+08  6.8741E+06 -1.7269E+07
0000696   6.4888E+08  1.2605E+06  7.4548E+06
0000697   6.4151E+08  7.4723E+06  8.3351E+06
0000698   6.5460E+08 -5.1488E+06 -2.9298E+06
0000699   6.5574E+08 -7.8505E+06 -5.9783E+04
0000700   6.6479E+08  1.2170E+06  2.1827E+07
0000701   6.6968E+08  2.9930E+06 -3.8326E+05
0000702   6.5699E+08 -4.8912E+06  7.4800E+05
0000703   6.5934E+08 -3.3829E+06  4.5947E+06
0000704   6.6015E+08 -3.7765E+06  1.9452E+06
0000705   6.6517E+08  1.8103E+06  2.8253E+06
0000706   6.3838E+08  1.1253E+07  2.0319E+07
0000707   6.5864E+08  4.2134E+06 -4.9422E+06
0000708   6.6394E+08  1.0501E+07 -1.2488E+06
0000709   6.6495E+08  8.7897E+05  4.9683E+06
0000710   6.5988E+08 -4.0250E+06  2.3505E+06
0000711   6.4871E+08  1.7335E+07  3.7485E+07
0000712   6.6915E+08 -3.2054E+06 -3.2836E+06
0000713   6.6549E+08  9.8710E+06 -8.6703E+06
0000714   6.6479E+08  8.5912E+06  1.7444E+07
0000715   6.6513E+08 -9.1625E+06  4.9716E+06
0000716   6.5771E+08 -3.1481E+06 -5.7200E+06
0000717   6.6694E+08 -9.1357E+06  1.1066E+07
0000718   6.5702E+08 -1.4522E+06 -1.7766E+06
0000719   6.5996E+08 -6.8182E+06 -1.7901E+07
0000720   6.6374E+08  2.1817E+06 -5.0865E+06
0000721   6.5682E+08 -7.5439E+06 -4.0999E+06
0000722   6.6171E+08 -3.8435E+07 -7.1360E+06
0000723   6.5755E+08  1.4608E+07  2.3883E+06
0000724   6.5931E+08  6.6398E+06  1.4590E+07
0000725   6.4559E+08  9.5166E+06  2.1600E+06
0000726   6.3846E+08 -1.2563E+06 -3.3655E+06
0000727   6.7618E+08  8.7900E+05  3.2987E+06
0000728   6.6098E+08 -4.1121E+06 -1.6051E+06
0000729   6.6565E+08 -7.2529E+06 -1.3748E+06
0000730   6.5726E+08  1.1081E+06  7.5703E+06
0000731   6.7377E+08 -1.3453E+07 -6.2340E+06
0000732   6.5846E+08 -8.1719E+06 -4.1615E+05
0000733   6.7022E+08 -6.6906E+05  6.5431E+05
0000734   6.6727E+08 -3.4796E+06  2.6781E+07
0000735   6.5614E+08  1.0102E+06  6.5552E+05
0000736   6.5231E+08  6.3743E+06  7.5951E+06
0000737   6.7043E+08  1.0944E+06  4.1306E+06
0000738   6.7264E+08 -8.4898E+06 -6.8490E+06
0000739   6.6021E+08  5.2773E+06 -7.1860E+05
0000740   6.6895E+08  6.7925E+06 -8.4520E+06
0000741   6.6559E+08  5.0302E+06 -1.7918E+07
0000742   6.6027E+08  1.4381E+06 -2.7453E+06
0000743   6.5842E+08  1.6390E+07  9.1788E+05
0000744   6.6568E+08  2.1285E+06  1.3896E+06
0000745   6.6120E+08 -3.1001E+06 -8.4758E+05
0000746   6.4729E+08  1.0202E+06  1.6223E+06
0000747   6.6590E+08  2.3060E+06 -5.9154E+06
0000748   6.5578E+08 -1.1040E+07 -5.0948E+06
0000749   6.6621E+08 -3.7881E+05  4.2896E+06
0000750   6.6341E+08  3.8207E+06  3.0929E+05
0000751   6.5985E+08  1.5846E+07 -5.7173E+06
0000752   6.6490E+08  4.2138E+06  5.8694E+06
0000753   6.5682E+08  4.7871E+06  4.7477E+05
0000754   6.5809E+08 -3.3586E+06  5.9360E+06
0000755   6.6253E+08 -1.1370E+06 -2.8832E+06
0000756   6.5409E+08 -2.0566E+06  1.1314E+07
0000757   6.6663E+08 -2.6906E+06 -4.0836E+06
0000758   6.4381E+08  4.3872E+06 -3.5174E+06
0000759   6.5805E+08 -1.2069E+06 -4.1391E+05
0000760   6.6515E+08 -1.1230E+06  6.6501E+06
0000761   6.7453E+08 -2.3058E+06 -3.4523E+05
0000762   6.6013E+08 -8.7933E+06 -7.0087E+06
0000763   6.6769E+08  4.5585E+06 -1.4153E+07
0000764   6.5092E+08  3.2694E+06 -4.8059E+06
0000765   6.5548E+08  9.4556E+05  2.8957E+06
0000766   6.5138E+08 -4.5511E+06 -3.8758E+06
0000767   6.4413E+08  1.3889E+06 -2.5371E+06
0000768   6.5818E+08  9.0100E+06 -4.4790E+06
0000769   6.6797E+08 -7.7359E+06 -5.2931E+05
0000770   6.5623E+08  7.3947E+06  1.7837E+06
0000771   6.5415E+08  2.7389E+06  4.3406E+06
0000772   6.4872E+08 -4.2308E+06 -3.8151E+06
0000773   6.5875E+08 -7.8469E+06 -1.4520E+07
0000774   6.4919E+08  1.1282E+07  9.1488E+06
0000775   6.5851E+08  8.4121E+06  1.5795E+06
0000776   6.6231E+08 -4.5753E+06  7.3949E+06
0000777   6.4741E+08  1.3434E+07 -1.3567E+07
0000778   6.7997E+08  6.2610E+06  4.4343E+06
0000779   6.4716E+08  8.6158E+05  1.0057E+07
0000780   6.4657E+08 -8.2179E+05 -1.4294E+06
0000781   6.5118E+08 -1.3825E+07 -2.3234E+06
0000782   6.5410E+08  4.6027E+06  9.0952E+06
0000783   6.5308E+08 -6.5896E+06 -4.2781E+06
0000784   6.6037E+08  1.0817E+06  3.2433E+07
0000785   6.5531E+08  1.5547E+06  1.0504E+06
0000786   6.7309E+08 -1.6059E+07  8.8011E+06
0000787   6.5420E+08 -3.2235E+06  5.2187E+06
0000788   6.6408E+08 -5.0939E+06 -9.4569E+05
0000789   6.5550E+08 -9.1994E+06 -3.3551E+07
0000790   6.7255E+08 -5.0308E+06  3.4933E+06
0000791   6.5691E+08 -9.1317E+06 -5.5990E+06
0000792   6.6499E+08 -2.4354E+06  7.8919E+05
0000793   6.7034E+08 -5.0641E+06  1.8779E+06
0000794   6.5394E+08 -3.8822E+06  3.8562E+06
0000795   6.6457E+08  7.2762E+04 -8.8720E+06
0000796   6.3450E+08  4.5283E+06 -2.2375E+06
0000797   6.7083E+08  5.5661E+06  5.9242E+06
0000798   6.5276E+08  7.0915E+06 -1.5114E+06
0000799   6.6512E+08 -1.0489E+06 -6.9645E+06
0000800   6.4456E+08 -5.3993E+06  5.7569E+06
0000801   6.5508E+08  9.2165E+06 -3.9125E+06
0000802   6.5502E+08  5.8958E+06  5.1894E+06
0000803   6.7704E+08 -9.0024E+05  1.0756E+07
0000804   6.5957E+08  1.2289E+07 -6.3373E+06
0000805   6.5224E+08  3.7944E+06  8.0182E+06
0000806   6.6265E+08 -1.4431E+06  4.0650E+05
0000807   6.5450E+08 -1.6743E+06  4.7091E+06
0000808   6.7354E+08  5.8811E+06  2.6989E+06
0000809   6.6201E+08 -3.0126E+06 -2.4972E+06
0000810   6.7143E+08 -1.7940E+07  2.9828E+06
0000811   6.5895E+08  9.9801E+06  3.2649E+06
0000812   6.5789E+08 -1.1660E+06 -1.4725E+07
0000813   6.5691E+08 -5.9592E+06  7.4632E+06
0000814   6.5628E+08 -5.9587E+06  2.0362E+06
0000815   6.5676E+08 -8.1344E+06 -1.4074E+07
0000816   6.5307E+08 -9.4066E+06 -5.1194E+05
0000817   6.5129E+08 -1.6930E+05 -5.0847E+06
0000818   6.5930E+08  4.3662E+06 -7.1961E+06
0000819   6.5630E+08  8.5483E+06 -2.4512E+06
0000820   6.5424E+08 -6.7218E+06 -4.9308E+06
0000821   6.5457E+08 -1.5167E+06  2.3982E+06
0000822   6.5599E+08  1.2187E+07  6.3975E+06
0000823   6.5841E+08  3.5408E+06 -4.1970E+06
0000824   6.6366E+08  1.6056E+06 -3.4260E+06
0000825   6.7359E+08 -7.0913E+06 -1.4921E+06
0000826   6.7038E+08  6.0556E+06 -6.8688E+05
0000827   6.5504E+08 -4.5054E+06  2.3189E+06
0000828   6.6456E+08 -3.5753E+06  7.4461E+06
0000829   6.5116E+08 -1.1211E+06  9.8637E+06
0000830   6.5482E+08 -3.6070E+06  6.7367E+06
0000831   6.6555E+08  5.2553E+06  1.3646E+06
0000832   6.5409E+08 -1.0945E+07 -1.2786E+04
0000833   6.4648E+08 -8.8810E+05  1.6102E+06
0000834   6.5991E+08  8.7806E+06 -1.6017E+07
0000835   6.5014E+08  1.3721E+07  9.0851E+06
0000836   6.6154E+08  2.5535E+06  1.8511E+06
0000837   6.5106E+08 -6.0012E+06 -7.9930E+05
0000838   6.5328E+08  3.5219E+06 -6.4450E+06
0000839   6.5133E+08 -1.5079E+06  1.1321E+06
0000840   6.5636E+08  8.2606E+06  1.1664E+06
0000841   6.4677E+08  5.3662E+06 -1.1277E+07
0000842   6.5421E+08 -1.8880E+07  1.0707E+07
0000843   6.6763E+08 -1.2993E+06  4.0617E+06
0000844   6.5465E+08  5.0900E+06  6.4368E+06
0000845   6.5510E+08 -8.0592E+06  7.3408E+06
0000846   6.6728E+08  8.9990E+06 -2.2740E+06
0000847   6.7391E+08  8.2470E+06 -2.4577E+06
0000848   6.5803E+08  2.6590E+06 -5.0752E+06
0000849   6.4722E+08  6.4945E+06  2.1766E+06
0000850   6.5569E+08  8.2821E+05 -3.8694E+06
0000851   6.6944E+08  8.3933E+06 -7.7715E+06
0000852   6.4901E+08  1.8925E+07  3.8119E+06
0000853   6.5779E+08  1.5215E+06 -1.0903E+07
0000854   6.7403E+08 -4.8400E+06 -8.8250E+04
0000855   6.6786E+08  7.1210E+06  4.9454E+06
0000856   6.5171E+08 -9.7804E+05 -4.0435E+06
0000857   6.5010E+08 -2.6687E+07 -1.1345E+07
0000858   6.7375E+08  7.8023E+06 -4.9822E+06
0000859   6.7247E+08 -5.6051E+05 -2.8038E+06
0000860   6.7204E+08  3.1990E+06  6.3516E+06
0000861   6.6833E+08 -2.9063E+06 -2.3319E+06
0000862   6.6529E+08  8.0891E+06  1.0726E+07
0000863   6.5873E+08 -2.0463E+06  1.7024E+06
0000864   6.5221E+08 -1.1693E+06  1.8429E+06
0000865   6.5552E+08 -1.6978E+06  6.3026E+05
0000866   6.7870E+08  5.2143E+05  1.2108E+06
0000867   6.5496E+08  4.8973E+06 -8.0553E+05
0000868   6.6147E+08 -1.5738E+07 -3.5017E+07
0000869   6.6277E+08 -9.1931E+06 -7.0517E+06
0000870   6.7351E+08 -1.0002E+07  6.9102E+06
0000871   6.7022E+08  7.9427E+06 -2.2661E+06
0000872   6.5509E+08  4.1106E+06 -4.1897E+06
0000873   6.6497E+08  5.2605E+06 -4.1331E+06
0000874   6.5029E+08 -5.5775E+05  1.8599E+06
0000875   6.6535E+08 -1.3682E+07  1.1294E+06
0000876   6.6966E+08 -3.5186E+06 -5.5571E+06
0000877   6.4053E+08  1.0277E+07  8.6783E+06
0000878   6.6136E+08 -3.4459E+06 -2.9148E+06
0000879   6.4740E+08 -8.6330E+06  2.0653E+07
0000880   6.5068E+08  6.9410E+06  8.4212E+05
0000881   6.6324E+08  1.2343E+07 -4.2133E+06
0000882   6.6758E+08  3.1873E+06 -6.1054E+05
0000883   6.4971E+08 -2.9073E+05 -6.8707E+06
0000884   6.7553E+08 -2.9759E+06 -3.8071E+06
0000885   6.6265E+08 -6.6114E+05  1.2147E+06
0000886   6.6382E+08  9.3918E+05  1.5285E+06
0000887   6.5785E+08 -1.2047E+06 -4.2455E+05
0000888   6.4543E+08  3.6549E+06  5.6815E+05
0000889   6.6268E+08  2.0741E+06  4.3576E+06
0000890   6.5392E+08 -4.2416E+06  4.2831E+06
0000891   6.6810E+08  4.2792E+06 -1.3960E+05
0000892   6.4621E+08 -2.7211E+05  1.7614E+06
0000893   6.6383E+08 -4.2200E+06 -5.5555E+06
0000894   6.6280E+08 -1.3227E+07 -5.8925E+05
0000895   6.8226E+08  4.5211E+06 -1.2054E+07
0000896   6.4972E+08  3.4450E+05  9.8786E+06
0000897   6.7831E+08 -4.5509E+06  3.1422E+06
0000898   6.7075E+08 -9.2625E+06 -7.7200E+05
0000899   6.6121E+08  8.6693E+05 -2.2459E+06
0000900   6.5227E+08 -2.2395E+07  3.2472E+06
0000901   6.6445E+08 -4.1590E+06 -1.9560E+06
0000902   6.6619E+08 -1.0217E+06 -2.6229E+05
0000903   6.7050E+08  4.8572E+06  1.0157E+07
0000904   6.6840E+08  9.2077E+06 -5.7958E+06
0000905   6.6904E+08 -1.1719E+06  6.2809E+04
0000906   6.5143E+08  6.7541E+05 -1.3893E+07
0000907   6.6197E+08 -1.7090E+06 -4.5162E+06
0000908   6.4648E+08  4.0097E+06  1.3915E+06
0000909   6.7115E+08  2.2532E+07  1.3684E+06
0000910   6.6766E+08 -3.5816E+06 -3.2661E+06
0000911   6.5398E+08 -3.6565E+06 -1.0728E+06
0000912   6.6277E+08 -3.0441E+06  1.2323E+07
0000913   6.4365E+08  1.3514E+06 -1.5816E+06
0000914   6.4950E+08 -5.6560E+06 -7.9916E+06
0000915   6.5888E+08  1.0707E+06  1.3404E+06
0000916   6.5121E+08  2.4377E+06 -1.1855E+06
0000917   6.6434E+08 -8.4701E+06 -4.7025E+06
0000918   6.5600E+08 -8.1638E+06  7.7072E+06
0000919   6.4068E+08  6.6962E+06  1.3527E+06
0000920   6.7333E+08  4.9484E+06 -6.6585E+06
0000921   6.5597E+08 -5.3986E+06  9.3423E+06
0000922   6.6286E+08 -7.2525E+06  4.4492E+05
0000923   6.5145E+08  6.4710E+06 -6.7983E+06
0000924   6.5409E+08 -4.6961E+06  1.5473E+06
0000925   6.6353E+08 -1.8364E+06  5.7589E+06
0000926   6.6266E+08  3.3986E+06  1.4469E+07
0000927   6.6479E+08  7.9174E+06 -2.1326E+07
0000928   6.4945E+08  1.2600E+06  4.8249E+06
0000929   6.5773E+08  2.4493E+06 -3.0349E+06
0000930   6.5341E+08  5.2087E+05 -1.9905E+06
0000931   6.5017E+08 -1.5915E+06  2.4104E+06
0000932   6.6636E+08  6.7303E+05  1.5024E+07
0000933   6.5197E+08 -3.2641E+06  8.9788E+06
0000934   6.5911E+08  2.1187E+05  3.3725E+06
0000935   6.6410E+08  1.2553E+06  9.3861E+05
0000936   6.8080E+08 -6.1348E+06  9.4511E+06
0000937   6.6910E+08 -4.1333E+06  6.9288E+06
0000938   6.6144E+08 -5.6703E+06  1.0701E+07
0000939   6.4963E+08 -1.7696E+07 -1.0628E+07
0000940   6.5975E+08  2.0486E+06 -3.9512E+06
0000941   6.5753E+08  5.3032E+06  1.8923E+07
0000942   6.4666E+08 -6.7615E+07 -9.0084E+06
0000943   6.7622E+08  2.9781E+06  5.7138E+05
0000944   6.5784E+08  9.1671E+06 -1.5652E+07
0000945   6.5461E+08 -3.5856E+06  3.7817E+06
0000946   6.5440E+08 -1.1875E+06 -5.5358E+06
0000947   6.5287E+08 -1.5933E+06 -3.4416E+06
0000948   6.5497E+08 -3.2100E+05  1.0376E+07
0000949   9.7179E+07 -3.5086E+08 -2.0419E+08
0000950   6.6967E+08 -7.2087E+06  2.2433E+06
0000951   6.5549E+08 -4.6139E+05 -1.9554E+07
0000952   6.6909E+08 -1.4039E+07 -6.6323E+05
0000953   6.5107E+08  2.4206E+06  1.1706E+06
0000954   6.6975E+08  1.2428E+06  6.0709E+05
0000955   6.5730E+08  6.9035E+06  1.6750E+07
0000956   6.6521E+08 -9.8208E+06 -7.8000E+05
0000957   6.6656E+08 -1.2056E+07 -2.2901E+06
0000958   6.7309E+08  6.8971E+06 -1.0277E+06
0000959   6.6645E+08 -7.0980E+06 -8.2929E+06
0000960   6.6991E+08  8.0167E+06 -7.6890E+06
0000961   6.5293E+08 -8.7897E+06 -1.9832E+07
0000962   6.8062E+08  4.3609E+06 -1.0321E+06
0000963   6.7136E+08  9.2386E+05  1.8709E+06
0000964   6.5531E+08  5.6502E+06 -2.1666E+05
0000965   6.6651E+08 -2.0127E+07 -1.9288E+07
0000966   6.5865E+08  4.5463E+06  2.8422E+06
0000967   6.7328E+08  4.4863E+06 -3.1231E+06
0000968   6.6007E+08 -4.4751E+06  7.2019E+05
0000969   6.5487E+08 -1.6061E+06  1.6505E+06
0000970   6.6708E+08 -8.4489E+06  4.8935E+06
0000971   6.5044E+08 -9.4641E+06 -5.6271E+06
0000972   6.5254E+08  1.5008E+07 -3.1733E+07
0000973   6.5828E+08  1.0344E+06  4.8823E+06
0000974   6.7361E+08 -1.2337E+06 -5.3006E+05
0000975   6.6864E+08 -2.1825E+06 -8.0286E+06
0000976   6.7262E+08 -1.1126E+07 -9.8827E+06
0000977   6.5913E+08 -4.5870E+06 -2.4354E+06
0000978   6.5799E+08  2.0624E+06  1.2194E+07
0000979   6.6420E+08  1.1611E+07  3.6202E+06
0000980   6.5864E+08  1.4369E+06  1.9114E+06
0000981   6.5900E+08  2.6528E+06 -1.8286E+06
0000982   6.5551E+08  2.1127E+05  3.5173E+06
0000983   6.5246E+08 -3.0773E+06 -3.3342E+06
0000984   6.5876E+08 -1.9787E+06 -1.4409E+06
0000985   6.4805E+08 -8.2315E+06 -3.9297E+06
0000986   6.5992E+08 -2.5068E+06 -3.7107E+06
0000987   6.6014E+08 -3.4455E+06 -1.9714E+06
0000988   6.4991E+08 -6.0284E+05 -8.3463E+06
0000989   6.5246E+08  5.7233E+06  2.5399E+06
0000990   6.5657E+08  1.1878E+07 -2.1582E+06
0000991   6.6685E+08  1.5365E+06  6.6879E+06
0000992   6.5305E+08 -5.8069E+06 -3.2852E+06
0000993   6.4690E+08 -9.9066E+06  1.2453E+07
0000994   5.4436E+08  7.2174E+06  1.7828E+08
0000995   6.6276E+08  6.1551E+06  2.7941E+06
0000996   6.5377E+08  6.7067E+05  1.5072E+06
0000997   6.5226E+08 -1.5297E+06 -5.6608E+06
0000998   6.5323E+08 -1.0211E+06 -8.4390E+06
0000999   6.6203E+08  1.2771E+07 -1.1849E+07
0001000   6.6901E+08  1.9663E+06 -2.1699E+07
0001001   6.5401E+08  1.4354E+06 -5.7075E+05
0001002   6.6254E+08  9.6595E+06 -1.0063E+07
0001003   6.6956E+08 -2.7785E+06  1.5431E+06
0001004   6.4372E+08  4.6736E+06  1.4045E+06
0001005   6.4963E+08  2.0802E+07  1.4264E+07
0001006   6.5556E+08 -3.0434E+06 -2.7537E+06
0001007   6.6050E+08  4.9371E+06  1.0435E+07
0001008   6.5208E+08  3.8390E+05 -4.7150E+06
0001009   6.6350E+08 -2.4071E+06  5.4455E+05
0001010   6.3758E+08 -1.6016E+07 -5.4015E+07
0001011   6.6617E+08 -1.8937E+07 -1.8166E+07
0001012   6.5600E+08  2.3268E+06  9.4245E+06
0001013   6.5975E+08 -2.0691E+07  4.8753E+07
0001014   6.7608E+08  3.2443E+05 -1.7999E+06
0001015   6.8057E+08  4.5603E+05 -2.0551E+07
0001016   6.5953E+08  1.7087E+06  3.0842E+06
0001017   6.5709E+08 -4.3332E+06  1.5482E+06
0001018   6.5328E+08 -3.1242E+07 -1.1386E+07
0001019   6.4563E+08  1.6329E+06  6.2172E+06
0001020   6.5851E+08  5.5081E+06  2.2055E+06
0001021   6.7190E+08 -3.2376E+06 -1.0141E+06
0001022   6.6989E+08 -3.4479E+06 -1.7528E+06
0001023   6.5652E+08 -7.4545E+06 -5.6295E+06
0001024   6.5090E+08  5.2135E+06 -9.8989E+06
0001025   6.5081E+08  9.8640E+06 -1.0582E+07
0001026   6.6668E+08  1.0588E+05 -8.1084E+05
0001027   6.5591E+08 -1.1369E+07 -4.8555E+05
0001028   6.7359E+08 -1.1815E+06  1.6141E+06
0001029   6.7359E+08 -3.8213E+06 -1.3523E+07
0001030   6.5873E+08  1.1691E+06 -1.3112E+06
0001031   6.6000E+08 -9.0514E+06 -1.1151E+07
0001032   6.5562E+08  5.3723E+05 -5.1742E+06
0001033   6.5475E+08  8.1316E+05 -1.3990E+06
0001034   6.6277E+08 -1.7159E+06  2.8631E+06
0001035   6.4711E+08  1.3125E+06 -9.0054E+05
0001036   6.7158E+08 -2.1084E+06 -1.5994E+06
0001037   6.5489E+08  1.0290E+07  1.3159E+06
0001038   6.4937E+08 -6.2031E+05 -5.7347E+06
0001039   6.5404E+08  4.0867E+06  4.5599E+06
0001040   6.5619E+08  2.6572E+07  1.9753E+06
0001041   6.5709E+08 -2.4875E+07  2.0482E+07
0001042   6.5598E+08  1.7431E+07  1.6985E+07
0001043   6.6761E+08  5.9497E+06  1.3547E+07
0001044   6.7148E+08 -3.4973E+06 -4.0285E+06
0001045   6.5795E+08 -2.0207E+06  2.5657E+06
0001046   6.6328E+08 -9.1552E+06  5.1048E+06
0001047   6.6538E+08  5.1348E+06  1.2723E+07
0001048   6.6042E+08 -1.9055E+06  1.1268E+06
0001049   6.5141E+08 -1.1092E+07  1.8528E+07
0001050   6.7003E+08  2.1096E+06 -8.6461E+06
0001051   6.6277E+08  5.7973E+06  7.7870E+06
0001052   6.6474E+08 -1.9999E+06 -8.7830E+05
0001053   6.4816E+08 -1.9143E+06 -6.9552E+06
0001054   6.4634E+08 -2.5241E+06 -2.0198E+05
0001055   6.6038E+08  8.4253E+06 -1.9228E+06
0001056   6.6582E+08  2.4245E+06  6.7609E+05
0001057   6.6644E+08 -5.0970E+06 -3.9111E+06
0001058   6.6780E+08 -6.7596E+06 -1.2943E+06
0001059   6.5372E+08  2.3674E+07 -4.2479E+06
0001060   6.6264E+08  6.8856E+06 -2.0301E+06
0001061   6.5345E+08 -1.5713E+06  4.6671E+05
0001062   6.7362E+08  3.4695E+06  4.1507E+06
0001063   6.5211E+08  4.9036E+06  5.1279E+06
0001064   6.5812E+08  2.8289E+06  2.5002E+06
0001065   6.5246E+08 -1.4167E+07  1.3060E+07
0001066   6.5250E+08  9.2981E+06  2.2290E+06
0001067   6.5102E+08  1.5369E+06  1.1136E+06
0001068   6.6198E+08 -3.1392E+06  2.2451E+06
0001069   6.6609E+08  3.5572E+05  2.2737E+06
0001070   6.5896E+08  1.7059E+05 -4.7332E+05
0001071   6.6145E+08  9.1298E+06 -9.5124E+05
0001072   6.6701E+08  1.8311E+06  1.0288E+07
0001073   6.4423E+08 -4.8998E+06  1.3807E+06
0001074   6.5782E+08 -3.5141E+06 -3.8123E+06
0001075   6.6741E+08  8.7767E+06 -1.4376E+07
0001076   6.3937E+08  1.3555E+07  3.5409E+06
0001077   6.5623E+08 -3.7775E+06  5.9029E+06
0001078   6.6493E+08  7.3982E+06 -5.3935E+06
0001079   6.5561E+08  2.0247E+06 -3.4714E+06
0001080   6.5913E+08 -2.0806E+07 -1.0560E+07
0001081   6.6828E+08  9.3204E+05  2.6827E+06
0001082   6.7726E+08  7.1035E+06 -2.7477E+05
0001083   6.6687E+08  9.7056E+06  6.5258E+06
0001084   6.5280E+08 -1.2693E+06  1.0805E+07
0001085   6.4732E+08  4.9628E+06  1.7316E+06
0001086   6.5087E+08  5.7711E+06 -1.5569E+06
0001087   6.5830E+08 -2.3957E+06 -1.6480E+06
0001088   6.6424E+08 -2.1325E+07  1.2852E+07
0001089   6.5548E+08 -9.1929E+06 -2.0327E+06
0001090   6.5245E+08 -6.3191E+06  1.6506E+06
0001091   6.4855E+08  3.5902E+06  1.5284E+06
0001092   6.6119E+08 -7.4789E+06  5.5523E+06
0001093   6.5607E+08 -3.8366E+06 -2.2128E+06
0001094   6.4908E+08  7.2567E+06 -9.3992E+06
0001095   6.5587E+08  6.8350E+06  3.2279E+06
0001096   6.6247E+08 -2.2921E+07  1.8454E+07
0001097   6.5775E+08 -5.8426E+05 -1.1846E+06
0001098   6.5345E+08 -1.3034E+06 -2.0006E+06
0001099   6.5797E+08 -1.7920E+06 -8.9549E+05
0001100   6.6191E+08  1.4010E+07 -2.0547E+06
0001101   6.5232E+08  1.6407E+06 -3.6423E+06
0001102   6.6406E+08 -1.1353E+07  5.3082E+06
0001103   6.6248E+08 -2.2178E+07 -1.4013E+07
0001104   6.6454E+08 -3.8430E+06  9.1749E+05
0001105   6.6541E+08  5.6750E+06  6.6828E+06
0001106   6.7513E+08  2.6857E+06  2.7180E+06
0001107   6.5748E+08 -2.7463E+06 -8.4724E+06
0001108   6.5615E+08 -7.9014E+06 -1.0063E+07
0001109   6.5218E+08  9.6251E+06 -8.5135E+06
0001110   6.5933E+08  1.3130E+07 -5.5748E+06
0001111   6.5992E+08 -9.4887E+06 -4.4820E+06
0001112   6.6797E+08  2.8028E+05 -2.3348E+06
0001113   6.6507E+08 -1.2259E+07  4.2128E+06
0001114   6.5965E+08 -3.8189E+06 -5.1266E+06
0001115   6.5703E+08  3.9223E+06  4.1104E+06
0001116   6.4909E+08 -1.4394E+07  8.0759E+05
0001117   6.4709E+08  4.5112E+06 -3.6142E+06
0001118   6.3978E+08  2.9533E+07 -2.8664E+06
0001119   6.6443E+08  4.2521E+06 -1.2218E+06
0001120   6.6838E+08 -7.4455E+06 -1.1651E+07
0001121   6.5972E+08 -3.7636E+06 -2.9032E+06
0001122   6.5794E+08  1.0316E+06 -7.3920E+05
0001123   6.6468E+08  5.9062E+06 -3.9456E+06
0001124   6.4350E+08  1.6607E+07  1.9032E+07
0001125   6.4956E+08 -3.6856E+06  3.3546E+06
0001126   6.3465E+08 -5.9063E+07 -5.9371E+07
0001127   6.4255E+08  2.2366E+06 -9.3314E+06
0001128   6.7156E+08 -4.4789E+07  4.2414E+07
0001129   6.6448E+08  1.3997E+06 -1.0513E+07
0001130   6.5878E+08  1.3434E+07  1.0521E+07
0001131   6.4749E+08 -3.3984E+06 -1.7941E+07
0001132   6.5411E+08 -8.3508E+05  9.8441E+05
0001133   6.5815E+08 -5.9294E+05 -1.0333E+07
0001134   6.6486E+08 -4.0141E+06  8.0129E+06
0001135   6.6180E+08 -2.8232E+06  1.9266E+07
0001136   6.6803E+08  2.0528E+05 -3.4174E+06
0001137   6.5834E+08  9.4797E+06  7.0387E+07
0001138   6.4550E+08 -5.0946E+06 -3.3014E+06
0001139   6.6113E+08 -4.5267E+06  9.9092E+06
0001140   6.5542E+08 -7.7272E+06  6.7072E+06
0001141   6.4773E+08  4.7454E+06 -5.2226E+04
0001142   6.6706E+08 -6.7038E+05 -1.2879E+06
0001143   6.4472E+08  6.8740E+06  7.8006E+06
0001144   6.6158E+08 -5.6690E+06 -3.3797E+06
0001145   6.6850E+08  2.0778E+06 -5.6802E+06
0001146   6.4927E+08  7.5533E+05 -5.2183E+06
0001147   6.4179E+08 -6.2530E+06 -3.5176E+06
0001148   6.6138E+08 -4.5428E+06 -2.0419E+07
0001149   6.6080E+08 -1.5540E+04 -3.7837E+05
0001150   6.7305E+08 -1.3059E+07 -1.0539E+07
0001151   6.7817E+08 -7.0282E+06 -3.1758E+06
0001152   6.5326E+08  1.7174E+06 -1.4449E+07
0001153   6.7022E+08 -3.7309E+06 -9.3913E+05
0001154   6.4796E+08  9.4542E+06 -3.0719E+06
0001155   6.6566E+08  1.0929E+07  5.2379E+06
0001156   6.5222E+08 -1.3057E+07 -1.0453E+07
0001157   6.5453E+08 -1.7120E+06  2.5227E+06
0001158   6.4653E+08 -2.6471E+06 -1.6686E+06
0001159   6.6210E+08  1.2993E+07 -5.5365E+06
0001160   6.6402E+08 -7.1201E+06 -1.6594E+06
0001161   6.6934E+08  8.4410E+06 -6.2701E+06
0001162   6.6901E+08  1.1332E+07  1.2572E+07
0001163   6.7169E+08  9.9751E+06  4.8259E+06
0001164   6.4972E+08 -2.1313E+07 -2.3368E+06
0001165   6.6307E+08  8.9116E+06 -1.0702E+07
0001166   6.6689E+08  4.7950E+06 -3.2108E+06
0001167   6.6711E+08  2.1227E+06 -1.9350E+07
0001168   6.5249E+08  5.5295E+06 -9.7607E+05
0001169   6.6413E+08  1.1420E+07 -2.8566E+06
0001170   6.6170E+08 -1.8134E+06  9.9340E+06
0001171   6.5961E+08  4.4664E+05 -1.9133E+06
0001172   6.5421E+08 -6.1454E+06  2.6048E+06
0001173   6.7301E+08  3.7197E+06  3.5004E+06
0001174   6.5284E+08 -3.0286E+06 -2.9691E+06
0001175   6.6268E+08 -1.6644E+06 -4.1825E+06
0001176   6.6266E+08  1.3520E+06  2.9162E+06
0001177   6.4821E+08 -2.5565E+06 -2.2164E+06
0001178   6.6221E+08 -2.8034E+06  5.3186E+06
0001179   6.6451E+08  6.0806E+06  4.8532E+06
0001180   6.6046E+08 -5.0237E+06  1.8045E+06
0001181   6.6620E+08 -1.6756E+05 -1.6071E+06
0001182   6.6595E+08 -2.4940E+07 -1.0299E+07
0001183   6.5099E+08 -6.8840E+05 -3.6059E+06
0001184   6.7296E+08 -1.0918E+06 -1.0123E+07
0001185   6.6243E+08  1.7092E+05  8.4737E+05
0001186   6.6449E+08  1.1929E+07 -2.8738E+06
0001187   6.7661E+08  9.2553E+05 -3.3672E+05
0001188   6.7733E+08 -4.3851E+06  2.6497E+06
0001189   6.5764E+08 -1.0246E+06 -2.3900E+07
0001190   6.5458E+08  3.9064E+06  4.1831E+06
0001191   6.6115E+08  1.9389E+06  8.3150E+06
0001192   6.6719E+08 -1.4725E+06 -8.0009E+05
0001193   6.5799E+08  5.8759E+06  6.7834E+06
0001194   6.5686E+08 -4.3176E+06 -5.1090E+06
0001195   6.5722E+08  5.6094E+05  2.9255E+05
0001196   6.5840E+08  3.5328E+06 -1.0870E+06
0001197   6.5113E+08 -2.7703E+06  1.3620E+06
0001198   6.4926E+08  7.0834E+06 -3.3485E+06
0001199   6.4790E+08  1.3428E+06 -2.1281E+06
0001200   6.5013E+08 -8.6252E+06 -7.3516E+06
0001201   6.5442E+08 -2.3372E+04  1.3680E+06
0001202   6.7197E+08  4.0187E+06 -7.5290E+06
0001203   6.7036E+08 -8.9494E+06  1.1998E+06
0001204   6.5327E+08 -4.9540E+06  1.3178E+06
0001205   6.6993E+08  3.0707E+06 -5.5593E+06
0001206   6.4379E+08  5.4403E+06 -1.1767E+07
0001207   6.7114E+08  2.6732E+05 -2.2595E+06
0001208   6.4604E+08 -1.2637E+07  4.5112E+06
0001209   6.6883E+08  3.6514E+06  3.4044E+06
0001210   6.5396E+08  2.5661E+06  5.6308E+06
0001211   6.4960E+08 -1.6958E+06  2.5907E+06
0001212   6.7174E+08  6.4454E+05 -7.4578E+06
0001213   6.6794E+08 -5.9878E+06  4.1549E+06
0001214   6.5387E+08 -2.9480E+06  3.2764E+06
0001215   6.5410E+08  1.2916E+06  6.0036E+06
0001216   6.6563E+08  7.3056E+06 -1.8273E+07
0001217   6.7816E+08 -4.1766E+05 -7.9293E+05
0001218   6.5408E+08  4.3224E+05 -5.4285E+06
0001219   6.7320E+08 -9.6896E+05  1.1564E+07
0001220   6.7071E+08  1.3929E+06  8.2052E+06
0001221   6.7228E+08  2.9294E+06  2.5691E+06
0001222   6.5206E+08  7.0520E+06  2.0572E+06
0001223   6.7968E+08  2.3004E+05  4.0942E+06
0001224   6.4151E+08  1.9803E+07  1.8929E+07
0001225   6.5407E+08 -3.8675E+06 -1.2893E+06
0001226   6.5116E+08 -1.6914E+06 -1.7247E+06
0001227   6.6663E+08 -5.7723E+06  4.9724E+06
0001228   6.5932E+08 -1.2940E+07 -1.7842E+07
0001229   6.5236E+08  2.4055E+07  9.2371E+06
0001230   6.5710E+08 -1.7562E+06 -7.2706E+06
0001231   6.6829E+08  5.3666E+06  8.4936E+06
0001232   6.5037E+08 -4.5774E+06  2.7533E+07
0001233   6.6311E+08 -2.6172E+06 -1.3542E+06
0001234   6.6598E+08 -1.3615E+07  2.4618E+07
0001235   6.5662E+08  4.6570E+06 -2.8085E+06
0001236   6.7247E+08  1.1180E+07 -2.4045E+07
0001237   6.6337E+08  2.9444E+06 -5.5415E+05
0001238   6.5952E+08  2.9500E+06 -1.0887E+07
0001239   6.5122E+08  4.4301E+04 -7.8185E+06
0001240   6.5267E+08 -1.9150E+06  1.4212E+06
0001241   6.6935E+08 -4.0120E+05  1.1250E+07
0001242   6.7164E+08 -3.4910E+06  2.4783E+06
0001243   6.6277E+08 -6.1229E+06  8.4632E+06
0001244   6.5810E+08  4.5040E+06 -8.0323E+06
0001245   6.5970E+08  9.8034E+06 -1.2478E+07
0001246   6.7040E+08 -4.4416E+06  4.2659E+06
0001247   6.6815E+08  5.9417E+06 -1.8420E+06
0001248   6.5486E+08 -1.1716E+07 -1.9790E+07
0001249   6.6154E+08 -1.2499E+06  7.3462E+06
0001250   6.7020E+08 -5.1917E+06 -8.8391E+06
0001251   6.4956E+08  8.0842E+05  5.3121E+06
0001252   6.5876E+08 -6.0833E+06  2.2150E+06
0001253   6.6048E+08 -4.7743E+06  5.2128E+06
0001254   6.6631E+08  2.4079E+06  8.7373E+06
0001255   6.5102E+08 -4.4738E+06 -7.1912E+05
0001256   6.5866E+08 -5.6696E+06  5.9689E+06
0001257   6.5631E+08 -1.0624E+07  7.9030E+06
0001258   6.7223E+08  1.3511E+06  3.6369E+06
0001259   6.5822E+08  3.5938E+06  5.3283E+06
0001260   6.5669E+08 -9.8781E+06  6.9488E+06
0001261   6.6018E+08  1.9922E+06  1.2353E+07
0001262   6.5029E+08 -4.0665E+06 -4.7080E+05
0001263   6.5788E+08 -9.7587E+06  5.1562E+06
0001264   6.5056E+08 -1.2076E+06  2.1757E+06
0001265   6.4990E+08  2.0316E+07  1.5139E+06
0001266   6.6024E+08 -5.6414E+06 -1.7544E+06
0001267   6.5586E+08 -1.3758E+07 -7.6653E+06
0001268   6.6384E+08 -4.6784E+06  4.8149E+06
0001269   6.6281E+08 -2.6225E+06  1.4408E+06
0001270   6.6683E+08 -7.5692E+05  6.6835E+06
0001271   6.5731E+08  5.4494E+06 -6.4068E+05
0001272   6.5850E+08 -2.2693E+06  8.9042E+05
0001273   6.5286E+08  6.8293E+06  2.3469E+06
0001274   6.5258E+08  1.2366E+07 -8.4123E+06
0001275   6.4843E+08 -3.0877E+06 -7.6734E+06
0001276   6.4282E+08 -4.7518E+06  8.2164E+06
0001277   6.6118E+08 -1.8732E+07 -4.6978E+06
0001278   6.6700E+08  1.6547E+07  3.0200E+06
0001279   6.6295E+08  6.8664E+06 -9.8794E+06
0001280   6.5168E+08  1.4547E+07  3.1509E+06
0001281   6.7020E+08  1.3414E+07 -2.7313E+06
0001282   6.6066E+08 -1.0571E+06 -5.2394E+06
0001283   6.5017E+08 -3.2160E+06  1.5924E+05
0001284   6.6300E+08  1.1306E+07  5.9966E+06
0001285   6.4615E+08 -6.3705E+06  8.9963E+06
0001286   6.5519E+08  3.8479E+06  3.0052E+06
0001287   6.4863E+08  1.3055E+06  1.9104E+06
0001288   6.6419E+08  8.4392E+05  1.2497E+07
0001289   6.6413E+08 -1.9904E+06 -1.5051E+06
0001290   6.6767E+08  1.5781E+07 -1.6078E+07
0001291   6.4830E+08 -4.5645E+06 -7.9126E+06
0001292   6.6443E+08 -2.4090E+06 -4.6688E+06
0001293   6.4931E+08 -2.5616E+05 -1.0745E+06
0001294   6.5873E+08 -5.3545E+06 -2.1593E+07
0001295   6.5514E+08  2.4593E+06  2.1609E+06
0001296   6.5157E+08 -6.2751E+06 -1.5807E+07
0001297   6.5217E+08 -7.6967E+06 -1.4610E+07
0001298   6.5039E+08 -1.0251E+07 -8.3476E+05
0001299   6.5448E+08  3.3437E+07  1.7989E+07
0001300   6.5142E+08 -1.0225E+07  6.2448E+06
0001301   6.6703E+08  1.1331E+06  2.3329E+05
0001302   6.5077E+08 -2.0875E+06 -3.4055E+06
0001303   6.7429E+08 -2.8322E+07 -1.7781E+06
0001304   6.5601E+08 -1.3024E+07  2.6487E+07
0001305   6.5750E+08 -1.5006E+06  9.7189E+06
0001306   6.6391E+08  7.2780E+06  7.5062E+06
0001307   6.6955E+08  3.8320E+05 -7.8815E+06
0001308   6.5494E+08  5.6637E+06  3.7782E+06
0001309   6.5078E+08  8.2354E+05 -1.2548E+07
0001310   6.4756E+08 -2.2979E+06 -8.0499E+04
0001311   6.6221E+08 -7.4930E+06 -1.1194E+07
0001312   6.6246E+08 -1.8485E+06  1.0201E+07
0001313   6.6746E+08 -1.0249E+07 -3.4917E+06
0001314   6.6792E+08 -1.1223E+07 -1.5886E+07
0001315   6.6077E+08 -3.7673E+06  8.3428E+05
0001316   6.5124E+08  3.6186E+06  8.0519E+06
0001317   6.6625E+08 -1.0912E+07 -6.6270E+06
0001318   6.4943E+08 -9.0455E+05 -3.6742E+05
0001319   6.8127E+08  8.7273E+06 -3.8625E+06
0001320   6.4235E+08  7.5145E+06  5.7700E+06
0001321   6.4628E+08  9.8688E+06  9.7045E+05
0001322   6.6041E+08 -3.2209E+05  4.4205E+05
0001323   6.6445E+08 -2.4860E+06  1.9227E+05
0001324   6.5821E+08 -6.7808E+06 -4.7652E+06
0001325   6.6745E+08  5.5749E+06 -1.7282E+07
0001326   6.4381E+08 -9.3803E+06  6.3078E+06
0001327   6.5494E+08  6.3578E+06  1.6926E+06
0001328   6.5651E+08 -2.0153E+06  6.0104E+06
0001329   6.5868E+08 -9.0434E+06  8.6540E+06
0001330   6.6656E+08 -1.0441E+07 -1.6589E+06
0001331   6.4657E+08  3.1163E+07 -1.4044E+08
0001332   6.5774E+08 -9.0084E+06  1.9277E+07
0001333   6.5546E+08 -1.0109E+07  7.8515E+05
0001334   6.6180E+08 -9.0064E+06 -6.7261E+06
0001335   6.5443E+08 -9.0123E+05  4.3620E+06
0001336   6.3988E+08  9.5056E+06 -6.0765E+06
0001337   6.6704E+08 -1.1813E+07 -6.5237E+06
0001338   6.4203E+08  4.2717E+06 -2.7707E+06
0001339   6.7236E+08  4.7414E+06 -9.5590E+06
0001340   6.5501E+08  3.7196E+06  6.0690E+06
0001341   6.6777E+08 -1.6810E+07 -2.0946E+06
0001342   6.5342E+08  1.8458E+06 -2.0806E+06
0001343   6.4341E+08  2.4783E+06 -1.3932E+07
0001344   6.5015E+08 -4.4616E+04  1.4606E+07
0001345   6.6130E+08  3.6268E+06  4.8254E+06
0001346   6.5643E+08 -6.5510E+06  2.4328E+06
0001347   6.6142E+08  5.1767E+06  3.5696E+06
0001348   6.6156E+08 -2.6793E+06  2.2428E+06
0001349   6.5800E+08  9.0610E+06 -9.2474E+04
0001350   6.5281E+08  3.8704E+06 -7.6223E+06
0001351   6.4866E+08  2.7326E+05 -5.7072E+06
0001352   6.4828E+08 -4.9241E+06  6.5974E+06
0001353   6.5556E+08  5.7869E+06 -2.1721E+06
0001354   6.8093E+08  5.0823E+04  2.4161E+06
0001355   6.5110E+08  1.4709E+07  1.3003E+06
0001356   6.5028E+08 -5.0843E+06 -1.2462E+06
0001357   6.4465E+08 -1.3874E+06 -2.0394E+06
0001358   6.5320E+08  5.3760E+06  1.5438E+06
0001359   6.6741E+08 -3.4153E+06 -5.7700E+05
0001360   6.5640E+08  6.4722E+06 -1.2677E+06
0001361   6.6211E+08 -6.7777E+06  6.4328E+06
0001362   6.4110E+08  9.3947E+06 -1.5101E+07
0001363   6.4888E+08 -2.5052E+06 -4.2207E+06
0001364   6.6058E+08 -5.3567E+06 -7.9197E+06
0001365   6.7006E+08 -6.5195E+06 -9.1675E+06
0001366   6.7939E+08  1.0815E+06  6.5449E+05
0001367   6.6185E+08  1.4058E+06 -2.7161E+06
0001368   6.6001E+08  1.0177E+07  8.3334E+06
0001369   6.4834E+08 -2.2331E+06 -8.4106E+06
0001370   6.6593E+08 -2.7508E+06 -7.0919E+06
0001371   6.5678E+08 -1.3646E+06 -7.9092E+06
0001372   6.5037E+08  8.8670E+05 -6.3328E+05
0001373   6.5875E+08  1.1482E+07  1.5970E+07
0001374   6.7064E+08  2.3071E+05  3.7863E+06
0001375   6.6793E+08 -1.7929E+06 -1.1598E+06
0001376   6.6528E+08  1.9576E+05  7.7470E+06
0001377   6.4941E+08 -5.1164E+06 -5.8882E+06
0001378   6.7059E+08 -6.7768E+06 -1.4013E+07
0001379   6.5999E+08 -2.1095E+05  8.9652E+05
0001380   6.5621E+08  1.1314E+07  6.4175E+06
0001381   6.5945E+08  3.0493E+06 -1.1757E+07
0001382   6.5723E+08 -3.9873E+06  1.0907E+06
0001383   6.7198E+08  1.7704E+07  1.8000E+06
0001384   6.6159E+08  2.7896E+06  7.8742E+06
0001385   6.6547E+08 -1.3143E+07 -5.1479E+06
0001386   6.7146E+08  1.1242E+06 -2.8615E+06
0001387   6.7544E+08  8.1176E+05 -3.0519E+06
0001388   6.7443E+08 -3.9534E+06 -5.1948E+06
0001389   6.5725E+08  1.5377E+06  3.4513E+06
0001390   6.6110E+08  5.7094E+06 -8.5129E+06
0001391   6.6018E+08 -7.3730E+06  1.4945E+06
0001392   6.6005E+08  1.1380E+06 -2.5523E+06
0001393   6.7001E+08  1.7026E+06 -2.0580E+06
0001394   6.6044E+08  4.9148E+06 -5.1270E+06
0001395   6.7175E+08 -9.1386E+06 -2.8313E+06
0001396   6.5060E+08 -2.3585E+06  1.0320E+06
0001397   6.5561E+08  6.0230E+06 -7.6505E+06
0001398   6.6136E+08  2.8642E+06  6.5178E+05
0001399   6.6552E+08 -6.5203E+06 -2.8389E+05
0001400   6.6935E+08 -3.2030E+06  1.3820E+07
0001401   6.6259E+08  2.3584E+06  1.5827E+06
0001402   6.6997E+08  4.8371E+06 -8.6174E+06
0001403   6.5302E+08 -6.6926E+06  2.5489E+07
0001404   6.4672E+08  3.7069E+06 -6.0673E+06
0001405   6.4288E+08  1.2445E+06  3.8919E+06
0001406   6.6801E+08 -2.9146E+05  5.8534E+06
0001407   6.4866E+08 -4.3311E+06  1.6675E+06
0001408   6.5296E+08 -1.4724E+07 -1.4382E+06
0001409   6.6064E+08 -8.2837E+05  4.1511E+06
0001410   6.4921E+08 -5.6991E+06 -1.1071E+06
0001411   6.6134E+08  9.7146E+06 -1.5955E+06
0001412   6.5475E+08 -2.6546E+05 -3.3488E+06
0001413   6.6002E+08 -3.8904E+06 -8.1060E+06
0001414   6.5632E+08 -1.5182E+07  3.9359E+06
0001415   6.4942E+08 -5.5408E+06 -6.5880E+05
0001416   6.5198E+08  4.2913E+07  2.5184E+06
0001417   6.5756E+08  5.1744E+06  1.4125E+07
0001418   6.5333E+08 -5.1102E+06 -6.8335E+06
0001419   6.6528E+08  7.3232E+06 -1.2560E+06
0001420   6.6675E+08  7.5897E+06  1.1482E+06
0001421   6.4950E+08 -6.7219E+06 -8.1288E+06
0001422   6.5940E+08  2.2648E+06 -5.8146E+06
0001423   6.6631E+08 -4.4435E+06 -5.8869E+06
0001424   6.7166E+08  1.3622E+07  2.2087E+06
0001425   6.6909E+08  5.3961E+06 -3.8955E+06
0001426   6.5437E+08 -1.9778E+06 -1.6832E+06
0001427   6.5522E+08 -3.8830E+06 -2.1310E+06
0001428   6.7316E+08  4.6516E+06  8.1033E+06
0001429   6.5574E+08  9.5371E+06  3.2699E+06
0001430   6.5004E+08  2.5005E+07 -5.5892E+06
0001431   6.6680E+08  1.6660E+07 -4.9920E+06
0001432   6.4435E+08 -8.5238E+06  8.8447E+06
0001433   6.6357E+08 -1.3783E+05 -2.7113E+06
0001434   6.6127E+08 -1.7033E+06 -2.9517E+06
0001435   6.7300E+08 -1.1318E+07 -5.6786E+05
0001436   6.7120E+08  3.5971E+06  1.9552E+06
0001437   6.5280E+08  1.6966E+06 -1.4126E+06
0001438   6.6484E+08 -3.2350E+06 -1.2247E+07
0001439   6.4679E+08 -4.9194E+06 -5.3353E+05
0001440   6.6634E+08  5.4443E+06  9.9827E+06
0001441   6.6503E+08  2.4392E+07  1.5749E+07
0001442   6.4925E+08  3.5456E+06 -2.1503E+07
0001443   6.6180E+08  1.0788E+07 -1.4861E+06
0001444   6.6042E+08 -1.2949E+06  1.3316E+06
0001445   6.5525E+08 -2.3783E+07 -4.1046E+06
0001446   6.5052E+08  1.5659E+07 -5.9506E+05
0001447   6.5518E+08 -3.7506E+06  3.9554E+06
0001448   6.5897E+08  1.0138E+07 -6.6249E+06
0001449   6.6117E+08  4.5204E+06 -3.8813E+06
0001450   6.6400E+08  1.8240E+07 -4.4134E+06
0001451   6.5402E+08  5.2983E+06 -1.1825E+07
0001452   6.5634E+08  5.4892E+05  3.7827E+05
0001453   6.5106E+08 -1.1446E+07 -3.5686E+07
0001454   6.4441E+08 -3.0855E+06  1.0284E+06
0001455   6.5542E+08  3.2696E+06 -4.2821E+06
0001456   6.6215E+08  4.0248E+06  4.0969E+06
0001457   6.5933E+08  6.0509E+06 -1.2315E+07
0001458   6.7121E+08  2.1341E+06  7.5227E+06
0001459   6.4518E+08  2.4650E+06 -1.3871E+06
0001460   6.5081E+08  4.6149E+06  1.7383E+06
0001461   6.6584E+08  1.7742E+05 -4.6839E+06
0001462   6.5202E+08  4.4634E+06 -2.7997E+06
0001463   6.6680E+08  1.1263E+07  4.2446E+06
0001464   6.7209E+08  5.9836E+06  1.7403E+07
0001465   6.5441E+08 -3.3626E+06 -1.1951E+07
0001466   6.5943E+08 -4.8286E+06  1.9594E+06
0001467   6.6639E+08  3.1600E+06  1.0407E+07
0001468   6.5685E+08 -4.1184E+06  3.1103E+06
0001469   6.5893E+08 -6.9886E+06  9.3199E+06
0001470   6.4488E+08 -9.6906E+05 -1.5635E+06
0001471   6.5884E+08  2.6353E+06  2.2164E+05
0001472   6.7270E+08 -3.1214E+06 -1.2411E+06
0001473   6.6289E+08 -1.7694E+06  2.7251E+06
0001474   6.5015E+08 -4.3245E+06  1.4017E+07
0001475   6.5530E+08 -4.3775E+07 -4.7800E+07
0001476   6.5350E+08 -1.6705E+05  1.2280E+06
0001477   6.3576E+08 -9.6094E+06 -1.6042E+06
0001478   6.6703E+08 -8.6980E+06  3.8566E+05
0001479   6.7308E+08 -6.7673E+06  2.4142E+05
0001480   6.6139E+08  2.6902E+06  2.3749E+06
0001481   6.6303E+08 -3.0075E+06 -5.1212E+06
0001482   6.5612E+08 -5.7593E+06  2.4778E+05
0001483   6.5685E+08  5.2993E+06  4.1638E+06
0001484   6.4385E+08  1.9592E+05 -2.8170E+06
0001485   6.5920E+08 -1.2885E+07  1.3197E+06
0001486   6.5162E+08  4.2549E+06 -3.9362E+04
0001487   6.6198E+08  7.6519E+04 -1.5711E+06
0001488   6.5984E+08 -2.0624E+06  1.1468E+07
0001489   6.6961E+08 -1.1680E+05 -3.1401E+06
0001490   6.6456E+08 -5.7375E+06  3.0684E+06
0001491   6.4460E+08 -9.6510E+05  7.6418E+06
0001492   6.5160E+08 -2.1732E+05  1.1479E+07
0001493   6.4783E+08  1.4123E+05  1.1861E+07
0001494   6.5664E+08  1.0456E+06  1.3817E+07
0001495   6.7079E+08  6.3403E+06 -3.4445E+07
0001496   6.6609E+08  1.6966E+06 -1.0517E+07
0001497   6.6483E+08  8.3363E+06 -3.0790E+06
0001498   6.5838E+08 -6.3636E+06  5.2366E+06
0001499   6.6105E+08  7.9678E+06  1.6168E+07
0001500   6.8029E+08  8.9033E+06  3.3350E+06
0001501   6.7096E+08  1.5999E+06  5.1884E+05
0001502   6.6120E+08  1.4621E+06 -4.8428E+06
0001503   6.5653E+08 -1.2348E+07 -4.3550E+06
0001504   6.4701E+08  9.2677E+06 -3.3254E+06
0001505   6.4566E+08  5.6044E+06  4.9957E+04
0001506   6.5917E+08  1.1830E+07  6.0590E+06
0001507   6.6037E+08 -3.0431E+06  1.9310E+07
0001508   6.6044E+08 -3.1323E+06  5.8034E+06
0001509   6.5472E+08  6.7098E+06  2.1354E+06
0001510   6.5306E+08  9.2331E+06 -5.0008E+06
0001511   6.5791E+08 -1.3533E+06  2.8015E+06
0001512   6.6152E+08  2.5365E+06  1.0166E+07
0001513   6.6149E+08  2.0772E+06  3.7754E+06
0001514   6.6150E+08 -2.4113E+06 -1.6022E+06
0001515   6.5981E+08  3.2423E+06 -5.7625E+06
0001516   6.5396E+08  1.1094E+07 -1.7033E+06
0001517   6.6142E+08  3.7339E+06  2.9022E+06
0001518   6.5429E+08 -1.0851E+07  2.3401E+07
0001519   6.6098E+08  5.7549E+06 -3.2050E+06
0001520   6.4202E+08  1.5522E+05 -2.9321E+06
0001521   6.7270E+08  1.9829E+06  6.3442E+06
0001522   6.6002E+08  1.7936E+06  5.2829E+06
0001523   6.6102E+08 -2.9800E+06 -5.3233E+05
0001524   6.7895E+08 -2.4855E+04 -9.6693E+06
0001525   6.6283E+08  2.2370E+06  7.8946E+05
0001526   6.5869E+08  6.7181E+06  7.8013E+06
0001527   6.5121E+08 -2.2794E+07 -7.6053E+06
0001528   6.4996E+08 -9.5985E+06 -4.4331E+06
0001529   6.6624E+08 -1.3579E+07 -1.2803E+07
0001530   6.4558E+08  6.5841E+06 -7.6006E+06
0001531   6.5236E+08  3.9662E+06  2.7101E+07
0001532   6.5742E+08 -8.4567E+06 -6.4223E+04
0001533   6.6485E+08  5.0558E+06 -2.6168E+05
0001534   6.4081E+08 -7.3926E+06  1.6091E+06
0001535   6.5911E+08 -2.6396E+06  2.3121E+06
0001536   6.5062E+08 -1.9670E+06 -3.4951E+06
0001537   6.6961E+08 -1.1018E+05  3.3684E+06
0001538   6.5917E+08  2.7331E+04  8.7535E+06
0001539   6.4613E+08  1.1006E+06  4.8238E+06
0001540   6.6287E+08  2.6978E+06  7.4991E+06
0001541   6.5680E+08 -1.6977E+06 -1.0309E+06
0001542   6.6944E+08 -7.8978E+05  1.2818E+05
0001543   6.5409E+08 -7.0029E+05 -3.2939E+05
0001544   6.6137E+08  8.6147E+06 -1.4654E+07
0001545   6.6044E+08 -1.0545E+07  4.8015E+06
0001546   6.7424E+08  3.0890E+07 -9.8605E+06
0001547   6.6059E+08 -8.5126E+05 -1.8595E+06
0001548   6.6948E+08  9.0342E+05  5.0836E+06
0001549   6.5286E+08  3.7624E+06 -5.8399E+06
0001550   6.5199E+08 -3.2249E+06 -2.7515E+06
0001551   6.5555E+08  3.3869E+06 -5.9718E+06
0001552   6.7212E+08 -2.1481E+06 -5.0339E+06
0001553   6.4755E+08  1.5655E+07  9.4662E+06
0001554   6.6683E+08  1.8703E+06  2.3735E+06
0001555   6.6875E+08  7.7884E+06 -7.9110E+06
0001556   6.5525E+08 -3.4723E+05  9.1709E+06
0001557   6.6568E+08 -3.0017E+05  8.7150E+06
0001558   6.5566E+08 -2.5757E+06 -7.2551E+05
0001559   6.5297E+08  3.8865E+07 -6.6111E+07
0001560   6.6376E+08  1.2110E+07  3.9825E+06
0001561   6.5579E+08 -2.2713E+06  4.8097E+06
0001562   6.5347E+08  2.0816E+06  7.8463E+06
0001563   6.7230E+08  8.4950E+06  3.3704E+06
0001564   6.4630E+08  2.9344E+07 -1.7402E+07
0001565   6.7038E+08  1.0192E+06  1.7086E+06
0001566   6.6067E+08 -3.2268E+06  5.7955E+06
0001567   6.5060E+08 -4.9934E+06 -5.0601E+05
0001568   6.6118E+08  1.9653E+06 -4.9935E+06
0001569   6.6592E+08 -3.3497E+06 -1.1610E+07
0001570   6.4933E+08  3.6675E+06  1.3953E+06
0001571   6.5530E+08 -7.6796E+05 -1.8128E+07
0001572   6.5889E+08 -3.4074E+06 -2.5100E+06
0001573   6.5623E+08 -1.5062E+06  9.7958E+06
0001574   6.4098E+08  1.4430E+05  6.6132E+05
0001575   6.4653E+08  4.0165E+06 -3.3009E+04
0001576   6.5216E+08 -8.4754E+06  1.3753E+07
0001577   6.4537E+08 -5.0118E+05  7.1404E+06
0001578   6.5670E+08  7.0364E+06 -2.2706E+07
0001579   6.7389E+08 -9.0115E+06  1.1211E+05
0001580   6.6270E+08 -1.3593E+05 -1.8777E+06
0001581   6.4232E+08 -4.1110E+06  4.4683E+05
0001582   6.5770E+08 -7.5205E+06  1.6024E+06
0001583   6.5035E+08 -5.6267E+06  1.1438E+07
0001584   6.6493E+08  1.1332E+07  1.0392E+07
0001585   6.7063E+08 -5.8630E+06 -3.2554E+06
0001586   6.4359E+08 -2.7727E+06 -5.6795E+06
0001587   6.6792E+08  3.5965E+07  2.2170E+07
0001588   6.6426E+08  4.0640E+04  3.2030E+06
0001589   6.5994E+08 -1.0690E+07 -2.6670E+06
0001590   6.6579E+08  1.6850E+07 -6.9213E+06
0001591   6.6044E+08 -3.9609E+06  7.9591E+06
0001592   6.6839E+08  1.5687E+06 -1.2500E+07
0001593   6.5367E+08 -3.1063E+05 -5.7289E+04
0001594   6.6186E+08  1.2624E+07  2.0030E+07
0001595   6.6374E+08 -2.0532E+06 -6.3712E+06
0001596   6.5018E+08  3.0696E+05  1.2615E+07
0001597   6.3826E+08 -7.0044E+04  4.2938E+04
0001598   6.6377E+08 -1.6459E+07 -1.1214E+07
0001599   6.7273E+08 -4.4715E+06 -3.9908E+06
0001600   6.7387E+08  4.8300E+05 -6.5413E+06
0001601   6.5736E+08  1.2960E+05  2.5678E+06
0001602   6.6905E+08  2.3074E+04  9.5708E+05
0001603   6.5653E+08  2.4069E+06 -1.0054E+07
0001604   6.5491E+08 -5.8396E+06 -8.5275E+06
0001605   6.5532E+08  1.2743E+07 -1.8400E+06
0001606   6.5891E+08 -1.3837E+06  5.9208E+06
0001607   6.5988E+08 -1.4807E+07 -3.0018E+06
0001608   6.6082E+08  2.0167E+07  1.7975E+06
0001609   6.5595E+08 -2.3727E+06 -1.5070E+06
0001610   6.5037E+08 -1.0081E+07 -4.1189E+06
0001611   6.6621E+08 -3.9633E+06 -3.5544E+05
0001612   6.6081E+08  1.2572E+06 -6.5490E+06
0001613   6.6039E+08  1.2682E+06 -2.0867E+06
0001614   6.6863E+08  1.0461E+06  4.5909E+06
0001615   6.6762E+08 -1.2275E+06 -7.9383E+05
0001616   6.4784E+08 -1.0677E+07 -4.3606E+07
0001617   6.6481E+08  5.7385E+06  6.2381E+06
0001618   6.5459E+08 -1.1164E+05 -4.2979E+06
0001619   6.6573E+08  2.0827E+06  5.5267E+06
0001620   6.5806E+08  7.6881E+05 -2.7121E+06
0001621   6.5767E+08  5.4141E+06 -7.0737E+05
0001622   6.6996E+08 -5.7833E+06  9.6706E+05
0001623   6.6177E+08  1.6858E+07 -3.2946E+06
0001624   6.7059E+08 -1.1665E+05  3.3714E+06
0001625   6.6859E+08 -9.6460E+05 -2.1112E+06
0001626   6.6174E+08  2.1547E+06  3.4776E+06
0001627   6.6084E+08 -7.7528E+05 -3.5002E+06
0001628   6.5083E+08  2.2860E+07 -2.0893E+07
0001629   6.5953E+08 -8.6916E+06 -4.2565E+06
0001630   6.5064E+08 -1.7261E+06  1.0851E+07
0001631   6.5544E+08 -3.5343E+06  6.5694E+06
0001632   6.4679E+08 -2.5115E+06 -1.0402E+06
0001633   6.5470E+08 -2.5458E+06 -3.6980E+06
0001634   6.6193E+08  2.2635E+05 -3.0415E+05
0001635   6.5254E+08  1.6322E+06 -5.7769E+06
0001636   6.6129E+08 -1.4485E+06  3.9667E+06
0001637   6.5643E+08  4.9829E+06  1.4574E+07
0001638   6.4142E+08  5.1537E+06  3.3977E+07
0001639   6.6554E+08  1.2032E+07 -1.1265E+07
0001640   6.5471E+08 -2.3887E+06  2.9729E+06
0001641   6.4987E+08 -2.1885E+04  3.5993E+06
0001642   6.6889E+08  3.2720E+06  1.3760E+07
0001643   6.4785E+08  3.9228E+06  1.0904E+06
0001644   6.5893E+08 -4.5237E+04  4.0257E+06
0001645   6.6291E+08 -6.4068E+06  3.1252E+05
0001646   6.7116E+08 -3.5845E+06  3.9884E+06
0001647   6.5230E+08  1.7127E+06  1.0388E+07
0001648   6.6211E+08  6.6354E+06  1.0429E+06
0001649   6.4712E+08 -6.4771E+06  1.0478E+07
0001650   6.5987E+08 -4.2316E+06 -4.2350E+07
0001651   6.6028E+08 -4.5343E+06  6.3642E+06
0001652   6.5800E+08 -3.5161E+06  2.6276E+05
0001653   6.4597E+08  2.7306E+06 -5.9447E+06
0001654   6.4614E+08  4.7565E+06  9.6014E+06
0001655   6.6336E+08  1.5232E+06  1.4290E+06
0001656   6.6265E+08  7.1136E+06  3.6071E+06
0001657   6.5116E+08  2.8116E+05  2.2141E+06
0001658   6.6350E+08  2.5824E+06  3.2324E+06
0001659   6.6504E+08  1.3910E+06 -3.5689E+05
0001660   6.3575E+08  5.3945E+06  7.4076E+06
0001661   6.5533E+08 -1.2808E+07  2.6004E+06
0001662   6.6028E+08  2.0149E+06 -5.3964E+06
0001663   6.6620E+08  1.2970E+06  4.0957E+05
0001664   6.5589E+08  2.2469E+06 -1.1940E+07
0001665   6.4759E+08  2.6285E+06 -3.2334E+06
0001666   6.6683E+08 -2.3724E+06 -6.5347E+06
0001667   6.6827E+08 -4.6136E+06  2.8182E+07
0001668   6.4800E+08 -1.4779E+07 -3.1888E+06
0001669   6.5837E+08  2.2581E+07 -8.5820E+06
0001670   6.5438E+08  2.2164E+06  4.2649E+06
0001671   6.5996E+08 -2.9930E+06  2.4402E+06
0001672   6.5627E+08 -1.3152E+06 -5.0934E+05
0001673   6.5212E+08 -2.3741E+06  1.4080E+06
0001674   6.5434E+08  7.3833E+06 -1.0813E+07
0001675   6.7130E+08  8.9067E+05 -9.3489E+05
0001676   6.5981E+08 -4.8638E+06  2.5650E+06
0001677   6.6419E+08 -1.6785E+06 -1.2155E+06
0001678   6.4224E+08 -1.1390E+07 -8.2786E+06
0001679   6.6821E+08 -7.6044E+06  4.1113E+06
0001680   6.6407E+08 -5.2140E+06  4.8593E+06
0001681   6.6279E+08  5.1166E+06 -7.3580E+06
0001682   6.6620E+08  1.4948E+07 -1.6199E+06
0001683   6.5274E+08 -2.4304E+06  2.7964E+06
0001684   6.6634E+08  1.3364E+07 -4.7946E+06
0001685   6.7218E+08  3.3964E+06  5.5850E+06
0001686   6.7139E+08 -3.2690E+06 -2.3543E+06
0001687   6.5607E+08  5.7544E+06 -3.2732E+06
0001688   6.7089E+08 -4.9223E+06  1.8573E+06
0001689   6.7084E+08 -2.9649E+06 -3.4674E+06
0001690   6.7595E+08 -6.5674E+05 -7.2773E+06
0001691   6.6214E+08  7.0062E+05 -1.1082E+07
0001692   6.5244E+08  3.3085E+07  1.1897E+07
0001693   6.5184E+08  8.0018E+06  6.5017E+06
0001694   6.5702E+08  1.1366E+06  6.8971E+06
0001695   6.7546E+08 -1.1489E+07 -2.6980E+06
0001696   6.4875E+08 -1.2840E+06  1.6002E+06
0001697   6.5853E+08 -9.2241E+06 -3.0198E+06
0001698   6.6637E+08  1.8659E+06 -6.1303E+04
0001699   6.6328E+08 -5.7327E+06  1.0960E+06
0001700   6.5529E+08  3.8758E+06 -6.2316E+06
0001701   6.5939E+08 -3.7998E+06 -5.4015E+06
0001702   6.3969E+08 -5.1594E+06  4.7566E+06
0001703   6.6749E+08 -9.8977E+05  5.5002E+05
0001704   6.8212E+08  5.7649E+06 -8.1683E+04
0001705   6.5598E+08 -1.7907E+07  3.9741E+06
0001706   6.4854E+08  7.3834E+06  2.3940E+06
0001707   6.5676E+08  1.0132E+07  2.7726E+06
0001708   6.4967E+08  6.9743E+06 -9.1564E+06
0001709   6.6880E+08 -9.4651E+05 -5.8164E+06
0001710   6.6318E+08  4.9762E+06 -1.3432E+06
0001711   6.6858E+08 -1.6404E+06 -3.2588E+06
0001712   6.5382E+08  4.3579E+06  2.7024E+06
0001713   6.6763E+08  1.4538E+06  4.5749E+06
0001714   6.5035E+08 -4.5932E+06 -2.1116E+06
0001715   6.6374E+08 -5.8182E+06 -4.3890E+06
0001716   6.6231E+08  3.6545E+05  9.3702E+05
0001717   6.4397E+08  1.0365E+07 -8.6660E+06
0001718   6.5097E+08  6.0676E+06 -3.6054E+06
0001719   6.5016E+08 -1.0493E+07  8.6128E+06
0001720   6.6053E+08  8.4954E+06 -1.2663E+07
0001721   6.6614E+08  6.3771E+06  1.5958E+07
0001722   6.6685E+08  2.1282E+06  9.3016E+05
0001723   6.5943E+08 -5.9202E+06  4.6275E+06
0001724   6.6873E+08  3.0369E+06 -8.7762E+06
0001725   6.7077E+08 -1.0867E+07 -3.7789E+06
0001726   6.6411E+08  2.3606E+06 -6.2859E+06
0001727   6.6840E+08 -4.5271E+06  1.2867E+06
0001728   6.4844E+08  1.1750E+07  3.6495E+06
0001729   6.6822E+08 -7.8463E+05 -5.4782E+06
0001730   6.6413E+08 -7.1142E+06  6.4104E+06
0001731   6.6018E+08  3.9939E+06 -5.2493E+06
0001732   6.5129E+08  1.5798E+06  5.1774E+06
0001733   6.6163E+08  2.8284E+06  8.0919E+06
0001734   6.6639E+08  1.7339E+06  4.1460E+06
0001735   6.7367E+08 -1.4942E+06  7.2935E+06
0001736   6.5318E+08  1.2988E+07  1.8375E+07
0001737   6.5437E+08 -1.9044E+06  4.4409E+06
0001738   6.5941E+08  1.8316E+06 -2.3449E+06
0001739   6.5449E+08 -5.1916E+06  2.5476E+06
0001740   6.5321E+08 -1.3231E+07  1.5818E+07
0001741   6.5252E+08 -4.8112E+06 -1.0404E+06
0001742   6.2831E+08 -1.0690E+07  1.4537E+07
0001743   6.5359E+08 -1.2266E+06  2.5770E+06
0001744   6.6387E+08 -1.7477E+07  1.2951E+06
0001745   6.4749E+08 -9.7768E+05 -6.9725E+06
0001746   6.6098E+08  2.5276E+06 -6.8183E+06
0001747   6.8093E+08 -6.0973E+06 -7.7909E+06
0001748   6.5037E+08  3.7766E+07 -1.7514E+07
0001749   6.6120E+08  1.2982E+07  6.8983E+06
0001750   6.7107E+08 -8.7548E+06 -1.2551E+07
0001751   6.4910E+08  2.5296E+07 -1.0452E+06
0001752   6.6492E+08 -3.0862E+06 -1.3519E+06
0001753   6.6132E+08  3.6642E+06 -2.3959E+05
0001754   6.7270E+08 -6.2811E+05  3.0301E+07
0001755   6.6742E+08  6.1229E+06 -3.7406E+06
0001756   6.5978E+08 -7.9574E+06  8.7203E+05
0001757   6.7204E+08 -6.2170E+06  7.1823E+06
0001758   6.4996E+08  5.6839E+06 -1.0907E+07
0001759   6.6509E+08  1.1257E+07 -3.0423E+06
0001760   6.5293E+08 -3.1262E+05  3.5455E+06
0001761   6.6722E+08 -9.8892E+06 -7.1187E+06
0001762   6.5369E+08 -2.1150E+07 -3.5824E+07
0001763   6.6671E+08  7.8565E+06  3.8372E+06
0001764   6.6612E+08 -3.4433E+06 -2.1756E+06
0001765   6.7517E+08 -1.8345E+07  3.7869E+06
0001766   6.5624E+08 -8.0680E+06 -3.2596E+06
0001767   6.5599E+08 -1.6490E+06  2.3682E+06
0001768   6.5592E+08  2.8805E+06 -1.3093E+07
0001769   6.5622E+08 -2.4441E+05  7.1153E+06
0001770   6.6382E+08 -5.7659E+06  1.1691E+07
0001771   6.6273E+08  8.6910E+06  6.6085E+06
0001772   6.5671E+08 -3.2553E+06  3.1865E+06
0001773   6.5463E+08  4.6333E+06  4.2846E+06
0001774   6.6406E+08 -2.1048E+06  6.5898E+06
0001775   6.7266E+08 -8.7185E+06 -1.0274E+07
0001776   6.5957E+08  4.0496E+06  4.2549E+06
0001777   6.4732E+08  9.5479E+05  3.4347E+06
0001778   6.4617E+08  7.4177E+05  1.6934E+06
0001779   6.5721E+08 -4.9583E+06  4.6263E+06
0001780   6.4914E+08  3.6833E+06  2.5330E+05
0001781   6.5460E+08  2.7578E+05 -1.9863E+06
0001782   6.6232E+08 -2.5215E+07  2.0010E+07
0001783   6.6126E+08  6.2567E+06  3.4836E+06
0001784   6.5817E+08  2.7085E+06  2.4208E+06
0001785   6.6298E+08  1.3784E+06  4.7604E+05
0001786   6.5131E+08  1.4359E+07 -6.1618E+06
0001787   6.7374E+08  1.7867E+06 -7.5554E+06
0001788   6.4738E+08 -1.8635E+07  5.6305E+06
0001789   6.5730E+08 -9.0110E+06  7.0012E+06
0001790   6.4553E+08  6.9390E+06  1.0748E+06
0001791   6.6464E+08  2.2499E+06  7.8255E+06
0001792   6.6576E+08 -1.7831E+07  1.4395E+07
0001793   6.6573E+08 -1.9327E+06  1.2841E+07
0001794   6.5274E+08 -2.4793E+07 -2.2958E+07
0001795   6.6281E+08  4.5896E+06  3.4515E+06
0001796   6.6669E+08 -1.3031E+07  2.4351E+06
0001797   6.6667E+08 -1.4632E+06 -1.1365E+07
0001798   6.5488E+08  1.9189E+06 -4.1588E+06
0001799   6.3693E+08 -6.5785E+06  4.1397E+06
0001800   6.7154E+08  4.3261E+06  4.7392E+06
0001801   6.4971E+08 -5.7294E+06  2.4033E+06
0001802   6.6753E+08 -1.7029E+06  8.7385E+06
0001803   6.6678E+08  5.0268E+06 -1.3685E+07
0001804   6.7241E+08 -1.5992E+06 -1.7715E+06
0001805   6.5264E+08 -1.7721E+07 -1.2319E+07
0001806   6.6288E+08 -3.6184E+06  5.4576E+06
0001807   6.6634E+08  1.4220E+06 -1.5963E+06
0001808   6.4583E+08 -2.6578E+06  1.0208E+06
0001809   6.5998E+08 -5.1807E+06 -7.2268E+06
0001810   6.6926E+08  2.2822E+07  5.3701E+06
0001811   6.7106E+08 -2.4201E+07  3.2738E+06
0001812   6.6756E+08  1.2684E+07  4.5910E+06
0001813   6.5188E+08  7.5138E+06 -6.4590E+06
0001814   6.5717E+08  7.6861E+06 -2.1990E+06
0001815   6.5958E+08  3.4495E+06  1.7638E+06
0001816   6.5326E+08  1.8439E+07  8.9207E+06
0001817   6.6594E+08 -4.0335E+06  6.3656E+06
0001818   6.6977E+08  7.0541E+05  5.0278E+06
0001819   6.5576E+08  2.6221E+07  1.4729E+06
0001820   6.7038E+08  1.2288E+06  2.5302E+07
0001821   6.5942E+08 -1.1276E+07  2.0378E+07
0001822   6.6035E+08  2.4771E+06 -2.4421E+06
0001823   6.5570E+08  1.2452E+07  1.2550E+07
0001824   6.4101E+08  6.3927E+05  1.7202E+07
0001825   6.6920E+08  4.1854E+06  3.0056E+06
0001826   6.6296E+08 -5.5629E+06  3.8650E+06
0001827   6.4049E+08  1.0911E+07 -1.0648E+06
0001828   6.6484E+08 -6.8238E+06 -1.6598E+06
0001829   6.5108E+08  1.8777E+06  6.0396E+06
0001830   6.6383E+08 -2.6829E+05  1.3313E+07
0001831   6.5098E+08 -8.1393E+06  1.3410E+07
0001832   6.6137E+08 -2.5084E+06  1.0638E+06
0001833   6.4946E+08  4.0338E+06  6.9993E+06
0001834   6.4918E+08 -3.8396E+05 -2.2278E+06
0001835   6.5345E+08 -1.9519E+06 -3.3924E+06
0001836   6.6032E+08 -1.1618E+07 -2.4001E+06
0001837   6.6331E+08 -3.5537E+06  5.1254E+05
0001838   6.7045E+08  8.6899E+06 -7.4747E+06
0001839   6.6210E+08  9.7890E+06 -8.2953E+06
0001840   5.7675E+08  8.5443E+07 -5.6400E+07
0001841   6.5453E+08 -1.2833E+06  5.6037E+06
0001842   6.5948E+08  3.0051E+06  3.1200E+06
0001843   6.5991E+08  1.8605E+05 -3.1896E+03
0001844   6.5713E+08 -9.7006E+05  5.5143E+05
0001845   6.6634E+08 -1.4614E+06 -7.7628E+06
0001846   6.4677E+08  1.0905E+06  6.9269E+06
0001847   6.4937E+08  7.8935E+06  3.8261E+06
0001848   6.4384E+08  1.1284E+07 -1.5502E+07
0001849   6.4241E+08 -4.3923E+06  1.3128E+07
0001850   6.5441E+08 -3.3742E+06  1.9521E+07
0001851   6.6315E+08 -5.6669E+06  1.7623E+07
0001852   6.5252E+08 -7.1449E+06  1.4303E+05
0001853   6.7537E+08  2.2952E+06 -9.0405E+06
0001854   6.6794E+08  2.6870E+07  1.7126E+05
0001855   6.6524E+08 -6.9386E+06  6.5815E+06
0001856   6.6666E+08 -1.7664E+07 -9.0358E+06
0001857   6.6244E+08 -3.3360E+06  7.4053E+05
0001858   6.4764E+08  1.3038E+07  9.4099E+06
0001859   6.5609E+08  5.4626E+06 -2.1304E+06
0001860   6.4686E+08  8.7967E+06  1.5495E+06
0001861   6.8156E+08  5.3636E+06  2.7740E+06
0001862   6.7507E+08 -9.1352E+06 -1.1443E+07
0001863   6.5898E+08 -1.8144E+07  7.3594E+06
0001864   6.4635E+08  4.0203E+06 -1.6381E+07
0001865   6.5195E+08  2.8914E+06  2.5395E+06
0001866   6.5682E+08 -5.0803E+06  1.2822E+06
0001867   6.6750E+08 -3.1849E+06 -2.0951E+06
0001868   6.5208E+08 -2.1370E+07 -4.4951E+07
0001869   6.6861E+08 -5.4808E+06  2.8162E+06
0001870   6.5881E+08 -2.3151E+06  6.2081E+06
0001871   6.5831E+08 -9.1379E+06  7.0061E+06
0001872   6.6247E+08  8.2576E+06  1.0179E+07
0001873   6.5125E+08  8.9016E+06  4.2299E+06
0001874   6.6311E+08  1.1534E+06 -9.2798E+05
0001875   6.5525E+08 -5.6754E+06  4.2831E+06
0001876   6.5533E+08  5.7929E+06  4.1281E+06
0001877   6.6045E+08  8.8623E+06 -3.9170E+05
0001878   6.4965E+08  4.2629E+06  9.2797E+06
0001879   6.6255E+08 -2.1547E+06  2.1587E+06
0001880   6.7632E+08 -4.1987E+06 -3.7158E+06
0001881   6.4923E+08  2.0905E+07 -1.5201E+07
0001882   6.4255E+08  7.6437E+06 -5.0168E+06
0001883   6.5315E+08  1.7489E+06  3.9406E+07
0001884   6.4905E+08 -1.8056E+07 -9.0407E+06
0001885   6.6135E+08 -1.9914E+06 -1.5612E+06
0001886   6.5865E+08  1.4266E+07 -4.5536E+06
0001887   6.6685E+08 -2.3343E+06 -1.3245E+07
0001888   6.6347E+08 -1.3956E+06  3.2419E+06
0001889   6.5420E+08 -9.3731E+05 -6.0089E+06
0001890   6.6085E+08  1.0111E+07 -4.0203E+06
0001891   6.5996E+08  3.2043E+06 -2.9437E+06
0001892   6.5412E+08 -4.0109E+06  1.3928E+06
0001893   6.6158E+08  4.3311E+06 -7.1847E+06
0001894   6.5930E+08 -6.8139E+06  1.4267E+07
0001895   6.6703E+08 -1.0114E+07 -1.9278E+06
0001896   6.7089E+08 -4.9361E+05  1.9781E+05
0001897   6.7141E+08  5.7207E+06  1.8153E+06
0001898   6.5510E+08  7.6891E+06  1.2125E+07
0001899   6.5971E+08 -5.0072E+06  1.2405E+07
0001900   6.6427E+08 -9.3110E+04  2.8175E+06
0001901   6.5508E+08  8.6875E+06 -6.5271E+06
0001902   6.5983E+08  4.9553E+06  3.8722E+06
0001903   6.4294E+08  1.4573E+06  4.4265E+06
0001904   6.6104E+08 -6.8881E+06  2.0045E+07
0001905   6.7169E+08  1.1886E+05 -7.6425E+05
0001906   6.5565E+08  6.2089E+06 -1.5849E+07
0001907   6.6192E+08  5.1153E+06 -4.5002E+06
0001908   6.5255E+08  6.7096E+06  2.9178E+06
0001909   6.6865E+08 -1.3359E+07  1.3129E+06
0001910   6.5307E+08  7.9445E+06 -1.9838E+06
0001911   6.5595E+08 -4.5366E+06 -4.3793E+06
0001912   6.6239E+08  5.5452E+06 -1.8816E+07
0001913   6.5917E+08  1.4245E+06  4.6265E+05
0001914   6.7161E+08 -5.0247E+06  3.7285E+06
0001915   6.7018E+08  3.0108E+06 -6.9600E+06
0001916   6.6083E+08 -5.5874E+06 -7.4603E+06
0001917   6.5292E+08 -7.4820E+06 -4.4234E+05
0001918   6.4726E+08  8.2108E+06 -1.2249E+06
0001919   6.6023E+08 -6.2731E+06 -2.2089E+05
0001920   6.6722E+08  3.7388E+06 -9.1355E+05
0001921   6.6741E+08  2.5059E+06  1.2853E+07
0001922   6.6701E+08 -1.3863E+06 -7.5870E+05
0001923   6.4749E+08 -1.8750E+06  5.6538E+06
0001924   6.6319E+08 -1.1595E+07  2.9760E+05
0001925   6.5251E+08 -1.0011E+08  9.6681E+05
0001926   6.6189E+08 -2.7071E+06 -1.9345E+07
0001927   6.5066E+08 -8.4469E+06 -1.3087E+06
0001928   6.6477E+08  6.7485E+06  7.6355E+06
0001929   6.5859E+08  4.1869E+06 -3.7326E+06
0001930   6.5692E+08  1.0033E+07  2.5883E+06
0001931   6.6048E+08  3.6184E+06  3.1177E+06
0001932   6.6564E+08 -2.5213E+06 -1.0891E+06
0001933   6.5352E+08  2.6540E+06 -6.7198E+04
0001934   6.5800E+08  1.0079E+06  2.2865E+06
0001935   6.5973E+08 -2.6076E+05 -1.2793E+06
0001936   6.5456E+08  9.4411E+06  2.0492E+05
0001937   6.6564E+08  6.1244E+06  4.4580E+06
0001938   6.6454E+08 -7.8303E+06 -4.5900E+06
0001939   6.7087E+08 -9.5838E+06  5.4324E+06
0001940   6.6073E+08  5.3071E+06 -7.0453E+06
0001941   6.5318E+08  1.2182E+06 -1.0003E+07
0001942   6.4229E+08  3.1810E+06  3.6137E+06
0001943   6.6800E+08 -2.6723E+06 -2.4700E+06
0001944   6.6845E+08 -5.8621E+06 -4.8792E+06
0001945   6.7673E+08  1.4875E+07 -2.2269E+06
0001946   6.7260E+08 -5.7972E+06 -3.9185E+06
0001947   6.6055E+08 -2.1716E+06 -1.8700E+06
0001948   6.6682E+08  4.7884E+06 -2.9212E+06
0001949   6.5874E+08 -1.7303E+06  1.4453E+07
0001950   6.6576E+08  8.5338E+05 -3.8421E+06
0001951   6.6152E+08  4.6824E+06 -8.4872E+06
0001952   6.4898E+08 -6.2271E+06  4.9417E+06
0001953   6.6647E+08  9.3566E+06  8.0618E+05
0001954   6.6412E+08 -5.1537E+06 -2.1068E+06
0001955   6.7160E+08 -7.6340E+06 -2.5984E+06
0001956   6.5605E+08 -1.6326E+06 -4.2039E+06
0001957   6.6182E+08 -1.2112E+06  5.8353E+06
0001958   6.4985E+08 -5.6910E+05 -8.3306E+06
0001959   6.6767E+08  3.3039E+06  1.5116E+05
0001960   6.7780E+08 -6.3377E+06 -3.3168E+06
0001961   6.5903E+08 -1.1497E+07  5.0536E+06
0001962   6.6656E+08  7.9782E+06  1.2989E+06
0001963   6.6111E+08 -5.6935E+06  9.5307E+05
0001964   6.5776E+08  4.0528E+06 -4.9806E+06
0001965   6.7304E+08  1.0683E+07 -1.5243E+07
0001966   6.5873E+08  3.0220E+06 -1.1124E+06
0001967   6.6346E+08  3.1262E+05  8.7887E+06
0001968   6.6134E+08 -8.0472E+06 -2.9559E+06
0001969   6.6321E+08  2.2677E+04  7.0552E+05
0001970   6.5600E+08 -4.9781E+06  1.6771E+07
0001971   6.6314E+08 -1.1236E+07 -6.9566E+06
0001972   6.6719E+08 -2.7094E+06  5.7506E+05
0001973   6.5904E+08 -1.1107E+06  1.0287E+06
0001974   6.6536E+08  9.5273E+06  4.9628E+06
0001975   6.6772E+08  7.0936E+06  3.4850E+06
0001976   6.6762E+08  2.7051E+06  7.9491E+05
0001977   6.5958E+08  3.2034E+06  7.5091E+06
0001978   6.5611E+08  6.9993E+06 -2.8324E+06
0001979   6.6912E+08  9.7431E+06  1.1728E+07
0001980   6.6501E+08 -1.6014E+07 -3.1088E+07
0001981   6.6175E+08 -1.4271E+06 -5.3371E+06
0001982   6.5969E+08 -5.8762E+06 -1.1456E+07
0001983   6.6835E+08  1.0298E+06  2.6023E+05
0001984   6.5066E+08 -2.5208E+06  6.3825E+06
0001985   6.4381E+08  6.3961E+06 -2.3263E+06
0001986   6.6624E+08  3.5106E+06 -4.0436E+06
0001987   6.4886E+08 -1.2020E+06 -4.0564E+06
0001988   6.4632E+08  8.8866E+05 -5.6445E+06
0001989   6.4347E+08 -1.0351E+07 -3.8707E+06
0001990   6.5390E+08  2.2851E+06  7.6297E+06
0001991   6.5862E+08  9.9723E+05  3.5728E+05
0001992   6.5265E+08 -6.5836E+05 -2.7376E+06
0001993   6.5647E+08  4.4018E+06  4.6021E+06
0001994   6.6923E+08  5.5690E+06 -2.0953E+07
0001995   6.6196E+08 -2.6386E+06  6.9050E+06
0001996   6.4677E+08 -3.4058E+06  1.8380E+06
0001997   6.6858E+08  1.9002E+05 -1.1341E+06
000