 SCA_L1OK_UP                            1                   15               1    
 SCA_L1OK                               2                   15               1    
 SCA_L1DIV_UP                           3                   15               1    
 SCA_L1DIV                              4                   15               1    
 SCA_GMT_VAL_UP                         5                   15               1    
 SCA_GMT_VAL                            6                   15               1    
 SCA_CFA_UP                             7                   15               1    
 SCA_CFA                                8                   15               1    
 SCA_L0_UP                              9                   15               1    
 SCA_L0                                 10                  15               1    
 SCA_R0_UP                              11                  15               1    
 SCA_R0                                 12                  15               1    
 SCA_F0_UP                              13                  15               1    
 SCA_F0                                 14                  15               1    
 SCA_F1_UP                              15                  15               1    
 SCA_F1                                 16                  15               1    
 SCA_DT_VXI_UP                          17                  15               1    
 SCA_DT_VXI                             18                  15               1    
 SCA_DT_GET_UP                          19                  15               1    
 SCA_DT_GET                             20                  15               1    
 SCA_DT_ALL_UP                          21                  15               1    
 SCA_DT_ALL                             22                  15               1    
 SCA_CLK_UP                             23                  15               1    
 SCA_CLK                                24                  15               1    
 CTR_TIMEML_UP                          25                  15               1    
 CTR_TIMEML                             26                  15               1    
 CTR_TIMEH_UP                           27                  15               1    
 CTR_TIMEH                              28                  15               1    
 CTR_EVT_UP                             29                  15               1    
 CTR_EVT                                30                  15               1    
 INCONF                                 31                  15               1    
 GATCONF                                32                  15               1    
 ADC1_0                                 33                  14               1    
 ADC1_1                                 34                  14               1    
 ADC1_2                                 35                  14               1    
 ADC1_3                                 36                  14               1    
 ADC1_4                                 37                  14               1    
 ADC1_5                                 38                  14               1    
 ADC1_6                                 39                  14               1    
 TAC_CFA_HF                             40                  14               1    
 ADC1_8                                 41                  14               1    
 ADC1_9                                 42                  14               1    
 ADC1_10                                43                  14               1    
 ADC1_11                                44                  14               1    
 ADC1_12                                45                  14               1    
 ADC1_13                                46                  14               1    
 ADC1_14                                47                  14               1    
 ADC1_15                                48                  14               1    
 ADC1_16                                49                  14               1    
 ADC1_17                                50                  14               1    
 ADC1_18                                51                  14               1    
 ADC1_19                                52                  14               1    
 ADC1_20                                53                  14               1    
 ADC1_21                                54                  14               1    
 ADC1_22                                55                  14               1    
 ADC1_23                                56                  14               1    
 ADC1_24                                57                  14               1    
 ADC1_25                                58                  14               1    
 ADC1_26                                59                  14               1    
 ADC1_27                                60                  14               1    
 ADC1_28                                61                  14               1    
 ADC1_29                                62                  14               1    
 ADC1_30                                63                  14               1    
 ADC1_31                                64                  14               1    
 ADC2_0                                 65                  14               1    
 R0_1                                   66                  14               1    
 R0_0                                   67                  14               1    
 ADC2_3                                 68                  14               1    
 R0_4                                   69                  14               1    
 R0_5                                   70                  14               1    
 R0_6                                   71                  14               1    
 R0_7                                   72                  14               1    
 R0_8                                   73                  14               1    
 R0_9                                   74                  14               1    
 R0_10                                  75                  14               1    
 R0_11                                  76                  14               1    
 R0_3                                   77                  14               1    
 R0_2                                   78                  14               1    
 ADC2_14                                79                  14               1    
 ADC2_15                                80                  14               1    
 L0_0                                   81                  14               1    
 L0_1                                   82                  14               1    
 L0_2                                   83                  14               1    
 L0_3                                   84                  14               1    
 L0_4                                   85                  14               1    
 L0_5                                   86                  14               1    
 L0_6                                   87                  14               1    
 L0_7                                   88                  14               1    
 L0_8                                   89                  14               1    
 ADC2_25                                90                  14               1    
 L0_10                                  91                  14               1    
 ADC2_27                                92                  14               1    
 L0_9                                   93                  14               1    
 L0_11                                  94                  14               1    
 ADC2_30                                95                  14               1    
 ADC2_31                                96                  14               1    
 F0_0                                   97                  14               1    
 ADC3_1                                 98                  14               1    
 F0_2                                   99                  14               1    
 F0_3                                   100                 14               1    
 ADC3_4                                 101                 14               1    
 F0_5                                   102                 14               1    
 F0_6                                   103                 14               1    
 ADC3_7                                 104                 14               1    
 F0_8                                   105                 14               1    
 F0_9                                   106                 14               1    
 F0_10                                  107                 14               1    
 F0_11                                  108                 14               1    
 F0_4                                   109                 14               1    
 F0_7                                   110                 14               1    
 F0_1                                   111                 14               1    
 ADC3_15                                112                 14               1    
 F1_0                                   113                 14               1    
 F1_1                                   114                 14               1    
 F1_2                                   115                 14               1    
 F1_3                                   116                 14               1    
 F1_4                                   117                 14               1    
 F1_5                                   118                 14               1    
 F1_6                                   119                 14               1    
 F1_7                                   120                 14               1    
 F1_8                                   121                 14               1    
 F1_9                                   122                 14               1    
 F1_10                                  123                 14               1    
 F1_11                                  124                 14               1    
 ADC3_28                                125                 14               1    
 ADC3_29                                126                 14               1    
 ADC3_30                                127                 14               1    
 ADC3_31                                128                 14               1    
