49 268
49 1299
49 2386
49 3891
49 4417
49 4534
49 8258
49 8420
49 11167
49 11629
49 12508
49 12874
49 14524
49 15681
49 16167
49 16869
49 17158
49 19918
49 20133
49 20228
49 20364
49 20868
49 20933
49 21010
49 22103
49 23657
49 23854
49 24473
49 26257
49 26898
49 27878
49 28144
49 29706
49 30346
49 30525
49 31536
49 32164
49 32592
49 34491
49 35565
49 35647
49 36249
49 36398
49 39036
49 39914
49 40155
49 41596
49 42569
49 43657
49 46083
49 46218
49 46826
49 47216
49 47568
49 47622
49 49118
49 49516
49 49774
49 49921
49 50754
49 51741
49 52656
49 54530
49 56781
49 57268
49 57955
49 58146
49 58968
49 59287
49 59728
49 60584
49 62691
49 64217
49 64452
49 64534
49 64721
49 64848
49 65777
49 66585
49 66795
49 67342
49 68668
49 69071
49 70435
49 71232
49 73390
49 73947
49 76379
49 76955
49 77078
49 77335
49 82767
49 83761
49 84245
49 84850
49 85042
49 85477
49 85757
49 85973
49 86813
49 90431
49 90592
49 90954
49 91326
49 91606
49 91609
49 91804
49 92658
49 93147
49 95205
49 96288
49 96706
49 97940
49 98572
49 98901
49 99406
49 102539
49 103001
49 103739
49 103743
49 104606
49 104733
49 106705
49 107198
49 109603
49 109633
49 109760
49 109987
49 111008
49 112268
49 112769
49 117516
49 117538
49 117694
49 118211
49 118610
49 118905
49 119170
49 119403
49 119876
49 120505
49 120764
49 121067
49 121970
49 122687
49 122770
49 123619
49 124021
49 124660
49 125091
49 125175
49 126728
49 127787
49 129136
49 129749
49 133390
49 136706
49 138300
49 139524
49 141610
49 142155
49 142169
49 144646
49 145176
49 145548
49 147753
49 147885
49 148962
49 150786
49 150913
49 151178
49 151439
49 153685
49 154276
49 154661
49 154682
49 156246
49 157296
49 158645
49 159447
49 160301
49 160375
49 160799
49 161291
50 1424
50 1695
50 1871
50 2061
50 3032
50 3282
50 3724
50 3774
50 3881
50 4215
50 4760
50 4793
50 4916
50 7137
50 7200
50 7847
50 8117
50 9046
50 9889
50 10163
50 11873
50 13955
50 14314
50 15946
50 16514
50 16766
50 17721
50 18461
50 18640
50 20528
50 21417
50 21542
50 22070
50 22445
50 23599
50 27484
50 27563
50 27734
50 28752
50 28879
50 29652
50 30271
50 30336
50 30823
50 31484
51 830
51 2099
51 2418
51 3549
51 3600
51 5249
51 6054
51 7605
51 7952
51 10590
51 11581
51 11859
51 12024
51 12777
51 14196
51 15896
51 15958
51 16654
51 17755
51 18322
51 18488
51 18622
51 18819
51 19780
51 19783
51 20151
51 21371
51 22630
51 23392
51 24623
51 26095
51 26291
51 27919
51 29785
51 29971
51 30066
51 30136
51 33120
51 34064
51 34838
51 34941
51 36428
51 36559
51 36598
51 38652
51 39366
51 39519
51 40057
51 40309
51 40396
51 41593
51 42401
51 42765
51 43444
51 44210
51 45143
51 45417
51 45916
51 46390
51 48499
51 50758
51 52516
51 54325
51 54695
51 54939
51 55626
51 57800
51 57863
51 60601
51 64435
51 64694
51 65050
51 65578
51 66507
51 66982
51 67615
51 68862
51 73149
51 73768
51 77971
51 78016
51 78988
51 79517
51 80136
51 80732
51 80893
51 81932
51 83994
51 84514
51 84757
51 86508
51 87601
51 89445
51 89450
51 89663
51 89910
51 92051
51 92115
51 93813
51 94065
51 96987
51 99067
51 99638
51 100991
51 101268
51 101271
51 101552
51 102207
51 102911
51 103696
51 103911
51 104329
51 104447
51 104627
51 104682
51 104745
51 105472
51 107261
51 107532
51 108982
51 109420
51 110067
51 110295
51 111415
51 111662
51 112810
51 113380
51 114008
51 116768
51 117012
51 117456
51 117809
51 118299
51 120565
51 120975
51 121093
51 121418
51 121501
51 122414
51 123781
51 124571
51 125672
51 125881
51 127185
51 128326
51 129531
51 131905
51 132135
51 132831
51 133153
51 134180
51 134800
51 135056
51 137236
51 137674
51 137681
51 138107
51 138915
51 139993
51 142011
51 142512
51 143449
51 146412
51 146669
51 147341
51 147485
51 147561
51 147563
51 148529
51 149079
51 149527
51 150209
51 150598
51 151113
51 151431
51 151568
51 153687
51 154857
51 156046
51 156288
51 156490
51 157009
51 157035
51 157382
51 157758
51 157916
51 160455
51 160780
51 161196
51 163926
51 164344
51 165474
52 39
52 186
52 318
52 2209
52 2327
52 3611
52 3695
52 4095
52 4938
52 5116
52 6627
52 6993
52 7298
52 7308
52 9576
52 10935
52 11217
52 12387
52 12838
52 13022
52 13061
52 13102
52 14436
52 15004
52 15417
52 15796
52 16158
52 18268
52 18516
52 19333
52 19690
52 21746
52 22398
52 22777
52 24003
52 25150
52 28025
52 28026
52 28509
52 29619
52 30554
52 30932
52 31310
52 32234
52 32871
52 33341
52 33390
52 33959
52 35282
52 35466
52 35977
52 36818
52 39283
52 40405
52 41473
52 43097
52 43166
52 45303
52 45680
52 46023
52 46319
52 47268
52 48462
52 48977
52 49148
52 49563
52 51785
52 53281
52 55864
52 56345
52 57194
52 58117
52 59311
52 59732
52 61599
52 64315
52 64621
52 65562
53 476
53 1090
53 1110
53 1597
53 1676
53 4369
53 4694
53 5371
53 6819
53 7997
53 8910
53 12976
54 1040
54 1745
54 3870
54 4136
54 4413
54 4826
54 6176
54 6611
54 8402
54 8820
54 9198
54 9309
54 11158
54 13314
54 13890
54 13998
54 14388
54 15587
54 17756
54 18882
54 20088
54 22500
54 24282
54 24812
54 25801
54 27138
54 27649
54 28624
54 28985
54 29900
54 31071
54 31083
54 31377
54 32654
54 33327
54 34482
54 34682
54 35504
54 36660
54 39956
54 40733
54 41055
54 43112
54 43926
54 44065
54 44169
54 44395
54 45331
54 46578
54 50060
54 50362
54 52043
54 52070
54 52642
54 53080
54 53577
54 53869
54 54134
54 54682
54 55287
54 56677
54 57602
54 57880
54 58316
54 59327
54 62251
54 62522
54 63696
54 64110
54 64433
54 65136
54 65185
54 67834
54 68227
54 68346
54 68354
54 70251
54 70267
54 70356
54 70591
54 71452
54 72717
54 73371
54 74600
54 75399
54 76289
54 76627
54 76771
54 78261
54 79668
54 79977
54 80047
54 81950
54 81985
54 83017
54 83850
54 84178
54 85887
54 88529
54 90370
54 91723
54 94390
54 95308
54 97267
54 97465
54 99286
54 100414
54 101336
54 102121
54 102920
54 103436
54 103606
54 104311
54 107921
54 108031
54 108634
54 111820
54 112806
54 113103
54 114149
54 114724
54 115823
54 116614
54 118101
54 119966
54 120454
54 120686
54 121062
54 121831
54 122499
54 122761
54 124804
54 125374
54 126604
54 128099
54 128342
54 129326
54 129353
54 129849
54 129968
54 130478
54 131506
54 131800
54 132162
54 132988
54 133966
54 134006
54 134401
54 135187
54 136240
54 137093
54 138272
54 139585
54 139811
54 140106
54 140927
54 141381
54 142008
54 142036
54 142233
54 142786
54 143158
54 144401
54 144540
54 144828
54 146531
54 147607
54 148921
54 149776
54 150206
54 152543
54 153363
54 154438
54 155232
54 156121
54 156216
54 157445
54 158989
54 159184
54 159418
54 161802
54 163460
54 164784
54 164841
54 165416
54 166551
54 166912
54 167204
54 167755
54 167810
54 168752
54 169274
54 169357
54 169380
55 875
55 894
55 1695
55 2540
55 2696
55 3592
55 4611
55 5828
55 7341
55 8254
55 8339
55 8546
55 9482
55 10445
55 11416
55 12429
55 12471
55 12576
55 12982
55 13516
55 14706
55 15733
55 15789
55 16426
55 16446
55 16867
55 17173
55 18576
55 19899
55 20003
55 20267
55 20882
55 21301
55 21386
55 22579
55 23215
55 23235
55 23414
55 24424
55 25399
55 31155
55 34480
55 34521
55 34921
55 35041
55 36735
55 37188
55 37973
55 38447
55 39044
55 41104
55 42482
55 42687
55 42812
55 43366
55 44122
55 44141
55 44204
55 45398
55 45600
55 47230
55 49870
55 50775
55 51486
55 54537
55 55616
55 58765
55 59604
55 60377
55 62448
55 62477
55 65164
55 65408
55 65533
55 66246
55 68679
55 69183
55 69868
55 69901
55 71524
55 72542
55 73197
55 73480
55 73495
55 75776
55 76371
55 76454
55 77305
55 78056
55 78217
55 80353
55 80517
55 80615
55 80694
55 82004
55 82636
55 82973
55 83982
55 84395
55 84733
55 85022
55 86250
55 86798
55 88631
55 89302
55 89422
55 89516
55 90344
55 90676
55 91269
55 91493
55 91615
55 91919
55 92013
55 93236
55 93400
55 93929
55 93973
55 94187
55 95545
55 97130
55 97185
55 98811
55 99172
55 99798
55 100264
55 102439
55 104404
55 104511
55 105009
55 105739
55 108515
55 109056
55 109097
55 109282
55 110786
55 111331
55 111426
55 111957
55 113859
55 114734
55 114835
55 115388
55 115414
55 116215
55 117467
55 119154
55 120303
55 121646
55 122242
55 123657
55 124060
55 126163
55 127129
55 127390
55 128308
55 129761
55 130238
55 131029
55 132688
55 132841
55 136682
55 137984
55 140525
55 140877
55 141294
55 141448
55 141583
55 142437
55 144869
55 145285
55 146230
55 147600
55 147677
55 147767
55 148625
55 149312
56 1978
56 4175
56 4366
56 5255
56 5838
56 6081
56 6745
56 7660
56 9753
56 10452
56 11394
56 11493
56 12068
56 17075
56 17839
56 18757
56 19379
56 19971
56 20374
56 20981
56 21532
56 22391
56 22500
56 22824
56 23394
56 23661
56 25663
56 26234
56 26281
56 26680
56 27624
56 28189
56 28900
56 29035
56 29169
56 29392
56 30057
56 31009
56 32222
56 32656
56 33223
56 34806
56 35734
56 35833
56 36523
56 38420
56 38474
56 39761
56 42023
56 42186
56 42383
56 42745
56 46087
56 46838
56 48676
56 48691
56 48853
56 49668
56 50037
56 50243
56 51175
56 51297
56 52158
56 52792
56 53666
56 54043
56 55177
56 55416
56 55612
56 56214
56 58132
56 61859
56 65207
56 66815
56 67151
56 69521
56 70433
56 70577
56 70728
56 71761
56 75016
56 75591
56 75603
56 75735
56 79950
56 80961
56 82540
56 82563
56 82702
56 83061
56 85532
56 85566
56 86798
56 86926
56 87651
56 87850
56 88201
56 88933
56 89195
56 89616
56 89675
56 90977
56 92944
56 94316
56 94423
56 94500
56 96252
56 96531
56 96953
56 97029
56 97035
56 97444
56 98037
56 98753
56 100685
56 101663
56 102420
56 103809
56 104176
56 105231
56 105723
56 106677
56 106944
56 107070
56 108435
56 108516
56 108779
56 109054
56 109943
56 111059
56 114254
56 115270
56 115825
56 115955
56 117062
56 118173
56 118565
56 118908
56 119306
56 121111
56 123235
56 126398
56 126412
56 127564
56 128442
56 128463
56 129330
56 129657
56 129728
56 129925
56 130304
56 132402
56 134015
56 134540
56 134928
56 136436
56 136646
56 137597
56 140022
56 140405
56 141473
56 141505
56 141757
56 144077
56 144164
56 145059
56 145573
56 147700
56 148391
56 148780
57 2410
57 2555
57 3031
57 3038
57 5234
57 5510
57 6097
57 6412
57 8290
57 8861
57 9203
57 9523
57 10546
57 11777
57 13184
57 13585
57 13943
57 15538
57 17122
57 17899
57 18240
57 19460
57 19506
57 20140
57 20257
57 20989
57 22859
57 23564
57 25593
57 26314
57 30297
57 31956
57 32473
57 33273
57 33390
57 33622
57 36167
57 37991
57 40986
57 42137
57 42351
57 42373
57 47807
57 48986
57 49793
57 49872
57 50598
57 50942
57 51249
57 52765
58 1120
58 2192
58 3208
58 4181
58 4727
58 4908
58 4933
58 4952
58 5493
58 6599
58 6799
58 6815
58 7070
58 7142
58 7395
58 7841
58 8748
58 9280
58 9366
58 9536
58 9973
58 10870
58 12216
58 12423
58 14557
58 14690
58 14760
58 15195
58 15524
58 15794
58 16551
58 17255
58 17352
58 24772
58 24872
58 25287
58 25762
58 29302
58 33649
58 33850
58 35668
58 35839
58 36229
58 36366
58 38502
58 38622
58 38780
58 40227
58 40234
58 41436
58 42298
58 43785
58 45642
58 46151
58 46590
58 47013
58 47134
58 47887
58 47994
58 48787
58 51438
58 51620
58 51938
58 52881
58 55862
58 57983
58 58907
58 60114
58 60319
58 61026
58 61540
58 61755
58 63117
58 64106
58 64230
58 64544
58 66325
58 66494
58 67833
58 68091
58 71247
58 71313
58 71858
58 73501
58 73778
58 73792
58 74961
58 77034
58 81021
58 81097
58 82713
58 83627
58 85146
58 86056
58 87979
58 88120
58 89157
58 90135
58 90809
58 92839
58 93129
58 93408
58 93574
58 95492
58 95722
58 96129
58 97337
58 98024
58 98623
58 98640
58 99243
58 99267
58 100909
58 101036
58 101928
58 102238
58 103030
58 104243
58 104429
58 104670
58 108947
58 110365
58 111202
58 113931
58 114943
58 115344
58 115549
58 116537
58 117417
58 117637
58 117674
58 124502
58 126239
58 129412
58 133646
58 133889
58 133949
59 628
59 1882
59 2455
59 4879
59 5611
59 5960
59 6514
59 6808
59 7191
59 9729
59 10024
59 11973
59 12109
59 14668
59 17484
59 17510
59 17834
59 19501
59 19602
59 20281
59 21480
59 22812
59 23734
59 24921
59 26752
59 27006
59 27739
59 28520
59 31108
59 31429
59 31599
59 31764
59 31970
59 32942
59 33282
59 33483
59 33526
59 34229
59 34525
59 34996
59 36182
59 36202
59 38128
59 40172
59 40556
59 40566
59 41111
59 42543
59 42748
59 45863
59 46108
59 46360
59 46661
59 46895
59 47509
59 48160
59 48387
59 50479
59 50772
59 51350
59 51400
59 51478
59 52305
59 52445
59 53441
59 54986
59 55119
59 55448
59 55634
59 58672
59 59666
59 63469
59 63624
59 65306
59 67831
59 67922
59 68305
59 68383
59 69766
59 70192
59 70994
59 73799
59 73994
59 74505
59 77235
59 78827
59 79776
59 80776
59 80837
59 81523
59 82561
59 84332
59 85127
59 85505
59 86450
59 86959
59 88469
59 88595
59 89565
59 89878
59 89963
59 91824
59 93073
59 93259
59 93458
59 94448
59 94719
59 94727
59 97849
59 98187
59 98442
59 99374
59 99476
59 102922
59 103028
59 104302
59 106881
59 108257
59 109472
59 110815
59 111236
59 112171
59 114671
59 116268
59 116344
59 117196
59 117400
59 118235
59 118801
59 119089
59 119095
59 121001
59 121312
59 122493
59 123671
59 125279
59 125328
59 126392
59 128517
59 132112
59 132772
59 132807
59 132976
59 133051
59 133678
59 134717
59 135528
59 135780
59 136515
59 137177
59 138828
59 139225
59 140184
59 140826
59 141529
59 141546
59 141898
59 142647
59 143002
59 143541
59 143658
59 143719
59 143977
59 145098
59 145527
59 145686
59 145981
59 146922
59 151217
59 151866
59 153790
59 153839
59 154275
59 154975
59 154979
59 155482
59 155767
59 156480
60 2
60 1216
60 1402
60 3380
60 4451
60 5260
60 5658
60 5897
60 6187
60 6496
60 6865
60 8894
60 10546
60 11492
60 17955
60 18105
60 18137
60 20109
60 21251
60 21365
60 22961
60 23980
60 25340
60 25936
60 26532
60 26831
60 27970
60 28189
60 29641
60 30290
60 30593
60 31889
60 32104
60 35393
60 35925
60 37174
60 38104
60 39476
60 39765
60 39869
60 40004
60 40188
60 40980
60 42392
60 43086
60 43895
60 43935
60 44955
60 45869
60 46882
60 48123
60 50543
60 50619
60 50749
60 51217
60 51955
60 52021
60 52219
60 52608
60 54060
60 54767
60 56310
60 57189
60 57897
60 58080
60 58978
60 60047
60 60079
60 60873
60 65432
60 66185
60 66206
60 67643
60 68772
60 69558
60 71510
60 72205
60 74019
60 74779
60 76130
60 77264
60 78500
60 80424
60 81688
60 81753
60 82106
60 82658
60 83388
60 83545
60 85727
60 86617
60 86918
60 87223
60 88769
60 92084
60 92160
60 92407
60 93647
60 93833
60 95274
60 98106
60 98732
60 99408
60 100778
60 101328
60 101727
60 101851
60 102027
60 102456
60 104193
60 104654
60 105301
60 105689
60 106462
60 109307
60 110148
60 110218
60 111456
60 111698
60 112006
60 112655
60 114851
60 115412
60 115426
60 116383
60 117668
60 118159
60 118642
60 120014
60 120312
60 121850
60 122884
60 123462
60 123895
60 124056
60 124934
60 125652
60 126023
60 126262
60 126523
60 126596
60 128790
60 129031
60 129948
60 130333
60 130439
60 132962
60 132980
60 134183
60 134822
60 135002
60 135937
60 136157
60 136838
60 137482
60 137749
60 137892
60 138428
61 3160
61 3655
61 5282
61 5802
61 5832
61 6750
61 7293
61 7837
61 8723
61 13472
61 14083
61 14309
61 15005
61 15721
61 16512
61 16984
61 18097
61 20999
61 22227
61 25292
61 25692
61 26680
61 27109
61 28873
61 29954
61 34484
61 36249
61 38193
61 38926
61 41065
61 42712
61 42978
61 43949
61 45391
61 45741
61 47830
61 48613
61 49380
61 50091
61 51504
61 52049
61 54980
61 55564
61 56172
61 58677
61 58754
61 62230
61 64992
61 65330
61 65567
61 66628
61 66874
61 67244
61 67927
61 68061
61 68067
61 70419
61 71903
61 73117
61 73261
61 73355
61 74791
61 77237
61 77750
61 77910
61 78327
61 79856
61 80638
61 80863
61 80960
61 82675
61 83415
61 86425
61 90578
61 90990
61 91117
61 91172
61 91195
61 91270
61 94198
61 94818
61 95029
61 97572
61 98552
61 104813
61 106414
61 106954
61 108007
61 109007
61 112445
61 114124
61 115663
63 358
63 1133
63 1254
63 1376
63 1392
63 1510
63 1688
63 1982
63 2245
63 4411
63 4818
63 6126
63 7912
63 8395
63 9429
63 10182
63 11599
63 12053
63 12149
63 12330
63 13635
63 13849
63 14032
63 14046
63 14654
63 14790
63 16000
63 16814
63 17255
63 18322
63 18848
63 19144
63 20883
63 24639
63 27347
63 28590
63 29277
63 30955
63 31082
63 31330
63 31390
63 31544
63 32105
63 32554
63 33453
63 34669
63 37303
63 38747
63 39105
63 39607
63 39672
63 39956
63 41157
63 41310
63 41522
63 42053
63 43649
63 43781
63 43830
63 44829
63 45184
63 46131
63 46665
63 46685
63 47137
63 47729
63 48159
63 48942
63 49364
63 51074
63 52332
63 52478
63 52780
63 57994
63 58113
63 59184
63 59271
63 59938
63 61660
63 63113
63 63405
63 64612
63 64679
63 64709
63 65714
63 66065
63 67569
63 68918
63 70100
63 70191
63 70913
63 70932
63 71574
63 71747
63 72255
63 72819
63 73326
63 76157
63 76935
63 77384
63 78729
63 79158
63 79607
63 79719
63 80506
63 80781
63 81318
63 82229
63 82444
63 83399
63 83477
63 83964
63 84270
63 85442
63 85933
63 87989
63 89526
63 89567
63 90997
63 91114
63 91239
63 92884
63 94461
63 94722
63 94923
63 95827
63 95973
63 96728
63 97016
63 97741
63 100781
63 100918
63 101040
63 101858
63 102089
63 102725
63 103166
63 103272
63 104184
63 104463
63 104732
63 104901
63 105406
63 106411
63 106865
63 107501
63 108195
63 108362
63 109354
63 110154
63 110807
63 113823
63 114672
63 116477
63 117642
63 118230
63 118402
63 119204
63 119220
63 119857
63 120378
63 121390
63 123711
63 128033
63 128097
63 128317
63 130232
63 131965
63 132070
63 132187
63 134861
63 136031
63 136656
63 136697
63 137456
63 138887
63 141669
63 142017
63 142901
63 142921
63 143001
63 143455
63 144481
63 145776
63 146755
63 147511
63 148809
63 148962
63 149665
63 149703
63 150114
63 150573
63 150852
63 151115
63 151438
63 151442
63 151492
63 152745
63 154070
63 154557
63 155012
63 155188
63 155380
63 155671
63 158512
63 159341
63 159417
63 159708
63 160169
63 160427
63 161895
63 161923
63 162221
63 162452
63 164929
63 165568
63 165876
63 166684
63 167904
63 167915
63 169347
63 169790
63 169879
63 170148
63 170283
63 170352
63 171266
63 171688
63 172508
63 174578
63 174766
63 175112
63 178086
63 178504
63 180693
63 181058
63 182620
63 183458
63 183770
63 184885
63 185088
63 185219
63 185376
63 186338
63 186808
63 186832
63 186988
63 187198
63 188776
63 189272
63 189431
63 190978
63 191958
63 192528
63 192576
63 192585
63 193607
63 193990
63 194153
63 194632
63 195238
63 196469
63 198860
63 198986
63 200388
63 200506
63 201330
63 203625
63 203800
63 204832
63 204934
63 205447
63 205575
63 206226
63 206755
63 207046
63 207812
63 207897
63 208382
63 208976
63 210025
63 211246
63 212696
63 212857
63 213934
63 214277
63 215408
63 215771
63 215990
63 219067
64 3352
64 3844
64 3878
64 4148
64 7934
64 7969
64 8164
64 8311
64 8572
64 8734
64 9361
64 9439
64 10788
64 11264
64 11267
64 12298
64 12506
64 12839
64 12946
64 13513
64 13589
64 14622
64 16364
64 16580
64 17951
64 19354
64 19905
64 20506
64 21299
64 21719
64 22080
64 22369
64 22619
64 22649
64 23326
64 23458
64 24706
64 24745
64 25040
64 25616
64 27230
64 27862
64 28016
64 29169
64 29426
64 31446
64 31836
64 32857
64 33077
64 33989
64 34068
64 34178
64 34854
64 35296
64 36096
64 37037
64 37840
64 39510
64 39751
64 40769
64 41163
64 41852
64 41923
64 43094
64 43131
64 43311
64 43354
64 43603
64 44074
64 44212
64 46317
64 47297
64 48291
64 49222
64 49452
64 49726
64 49761
64 50381
64 50711
64 53976
64 55478
64 56545
64 57554
64 57850
64 60125
64 61087
64 61548
64 61723
64 63410
64 63607
64 64666
64 65247
64 65909
64 67709
64 68014
64 68506
64 69267
64 69497
64 70248
64 70675
64 71081
64 71535
64 72121
64 72388
64 73269
64 73479
64 74215
64 74746
64 75271
64 76725
64 76793
64 77413
64 78161
64 78437
64 80097
64 80631
64 80903
64 81095
64 81124
64 82455
64 83982
64 84337
64 84735
64 85082
64 85631
64 86106
64 86360
64 86363
64 87298
64 88156
64 88232
64 88713
64 89265
64 89951
64 92246
64 92571
64 92591
64 93189
64 93302
64 95067
64 95343
64 95434
64 95560
64 96962
64 97306
64 97423
64 98359
64 98637
64 99110
64 99360
64 99777
64 100252
64 100734
64 100949
64 102288
64 103805
64 104712
64 105173
64 105551
64 106604
64 107249
64 107369
64 107487
64 110841
64 110868
64 110878
64 112188
64 118529
64 118630
64 119811
64 119906
64 121091
64 121693
64 122804
64 123597
64 127441
64 128256
64 128406
64 129163
64 129285
64 130298
64 132028
64 132441
64 133060
64 134645
64 134797
64 135098
64 135154
64 135337
64 135614
64 135764
64 136816
64 137205
64 139149
64 140652
64 140860
64 142117
64 142640
64 142645
64 143021
64 143646
64 144310
64 145104
64 145477
64 145934
64 146281
64 148314
64 150226
64 150558
64 150756
64 152108
64 153484
64 153677
64 154952
64 154990
64 157518
64 158445
64 158802
64 158827
64 158946
64 159664
64 160077
64 162016
64 162252
64 163167
64 163685
64 163749
64 164029
64 165923
64 167385
64 167631
64 168485
64 169583
64 169697
64 169879
64 172212
64 173416
64 173604
64 174525
64 175588
64 175615
64 176177
64 176906
64 178551
64 179145
64 179533
64 179580
64 181544
64 182678
64 182779
64 183790
64 184040
64 184108
64 187418
64 190262
64 192649
64 195618
64 195899
64 196484
64 197074
64 197301
64 197312
64 198125
64 198592
64 198643
64 200192
64 201693
64 202971
64 203493
64 203650
64 203855
64 206884
64 207109
64 207813
64 208110
64 208360
64 208514
64 209779
64 210647
64 211569
64 211782
64 212562
64 212599
64 212743
64 213091
64 213220
64 216363
64 216889
64 217307
64 217784
64 218698
64 219548
64 220672
64 221227
64 221974
64 222472
64 222536
64 222616
64 226496
64 227161
64 228139
64 230355
64 230792
64 230855
64 231001
64 231513
64 231677
64 232726
64 232984
64 233899
64 234254
64 234388
64 234996
64 235454
64 235722
64 237055
64 237137
64 238549
64 238677
64 239185
64 239955
64 240230
64 242876
64 243733
64 244845
64 244889
64 245261
64 246338
64 246715
64 247065
64 247283
64 247827
64 249125
64 249267
64 250478
64 251242
64 252948
65 3378
65 3428
65 3926
65 4963
65 6067
65 6838
65 8392
65 9802
65 10232
65 11067
65 11105
65 11388
65 13383
65 13745
65 13818
65 15876
65 16184
65 16835
65 19622
65 19624
65 20034
65 20957
65 21542
65 22307
65 22515
65 23748
65 24650
65 25116
65 26058
65 26104
65 32036
65 32640
65 33178
65 34413
65 35161
65 36043
65 36369
65 36397
65 36848
65 37499
65 38092
65 38308
65 38925
65 39330
65 40487
65 40564
65 40619
65 44263
65 45366
65 46079
65 46446
65 47556
65 47626
65 47715
